100
2.128 1.108 1.088 1.068 1.048 1.028 1.008 0.988 0.968 0.948 0.928 0.908 0.888 0.868 0.848 0.828 0.808 0.788 0.768 0.748 0.728 0.708 0.688 0.668 0.648 0.628 0.608 0.588 0.568 1.148 1.128 1.108 1.088 1.068 1.048 1.028 1.008 0.988 0.968 0.948 0.928 0.908 0.888 0.868 0.848 0.828 0.808 0.788 0.768 0.748 0.728 0.708 0.688 0.668 0.648 0.628 0.608 0.588 0.568 0.548 0.528 0.508 0.488 0.468 0.448 0.428 0.408 0.388 0.368 0.348 0.328 0.308 0.288 0.268 0.248 0.228 0.208 0.188 0.168 0.148 0.128 0.108 0.088 0.068 0.048 0.028 0.008 -0.012 -0.032 -0.052 -0.072 -0.092 -0.112 -0.132 -0.152 -0.172 -0.192 -0.212 -0.232 -0.252
3.088 1.068 1.048 1.028 1.008 0.988 0.968 0.948 0.928 0.908 0.888 0.868 0.848 0.828 0.808 0.788 0.768 0.748 0.728 0.708 0.688 0.668 0.648 0.628 0.608 0.588 0.568 0.548 1.128 1.108 1.088 1.068 1.048 1.028 1.008 0.988 0.968 0.948 0.928 0.908 0.888 0.868 0.848 0.828 0.808 0.788 0.768 0.748 0.728 0.708 0.688 0.668 0.648 0.628 0.608 0.588 0.568 0.548 0.528 0.508 0.488 0.468 0.448 0.428 0.408 0.388 0.368 0.348 0.328 0.308 0.288 0.268 0.248 0.228 0.208 0.188 0.168 0.148 0.128 0.108 0.088 0.068 0.048 0.028 0.008 -0.012 -0.032 -0.052 -0.072 -0.092 -0.112 -0.132 -0.152 -0.172 -0.192 -0.212 -0.232 -0.252 -0.272
4.048 1.028 1.008 0.988 0.968 0.948 0.928 0.908 0.888 0.868 0.848 0.828 0.808 0.788 0.768 0.748 0.728 0.708 0.688 0.668 0.648 0.628 0.608 0.588 0.568 0.548 0.528 1.108 1.088 1.068 1.048 1.028 1.008 0.988 0.968 0.948 0.928 0.908 0.888 0.868 0.848 0.828 0.808 0.788 0.768 0.748 0.728 0.708 0.688 0.668 0.648 0.628 0.608 0.588 0.568 0.548 0.528 0.508 0.488 0.468 0.448 0.428 0.408 0.388 0.368 0.348 0.328 0.308 0.288 0.268 0.248 0.228 0.208 0.188 0.168 0.148 0.128 0.108 0.088 0.068 0.048 0.028 0.008 -0.012 -0.032 -0.052 -0.072 -0.092 -0.112 -0.132 -0.152 -0.172 -0.192 -0.212 -0.232 -0.252 -0.272 -0.292
5.008 0.988 0.968 0.948 0.928 0.908 0.888 0.868 0.848 0.828 0.808 0.788 0.768 0.748 0.728 0.708 0.688 0.668 0.648 0.628 0.608 0.588 0.568 0.548 0.528 0.508 1.088 1.068 1.048 1.028 1.008 0.988 0.968 0.948 0.928 0.908 0.888 0.868 0.848 0.828 0.808 0.788 0.768 0.748 0.728 0.708 0.688 0.668 0.648 0.628 0.608 0.588 0.568 0.548 0.528 0.508 0.488 0.468 0.448 0.428 0.408 0.388 0.368 0.348 0.328 0.308 0.288 0.268 0.248 0.228 0.208 0.188 0.168 0.148 0.128 0.108 0.088 0.068 0.048 0.028 0.008 -0.012 -0.032 -0.052 -0.072 -0.092 -0.112 -0.132 -0.152 -0.172 -0.192 -0.212 -0.232 -0.252 -0.272 -0.292 -0.312
5.968 0.948 0.928 0.908 0.888 0.868 0.848 0.828 0.808 0.788 0.768 0.748 0.728 0.708 0.688 0.668 0.648 0.628 0.608 0.588 0.568 0.548 0.528 0.508 0.488 1.068 1.048 1.028 1.008 0.988 0.968 0.948 0.928 0.908 0.888 0.868 0.848 0.828 0.808 0.788 0.768 0.748 0.728 0.708 0.688 0.668 0.648 0.628 0.608 0.588 0.568 0.548 0.528 0.508 0.488 0.468 0.448 0.428 0.408 0.388 0.368 0.348 0.328 0.308 0.288 0.268 0.248 0.228 0.208 0.188 0.168 0.148 0.128 0.108 0.088 0.068 0.048 0.028 0.008 -0.012 -0.032 -0.052 -0.072 -0.092 -0.112 -0.132 -0.152 -0.172 -0.192 -0.212 -0.232 -0.252 -0.272 -0.292 -0.312 -0.332
6.928 0.908 0.888 0.868 0.848 0.828 0.808 0.788 0.768 0.748 0.728 0.708 0.688 0.668 0.648 0.628 0.608 0.588 0.568 0.548 0.528 0.508 0.488 0.468 1.048 1.028 1.008 0.988 0.968 0.948 0.928 0.908 0.888 0.868 0.848 0.828 0.808 0.788 0.768 0.748 0.728 0.708 0.688 0.668 0.648 0.628 0.608 0.588 0.568 0.548 0.528 0.508 0.488 0.468 0.448 0.428 0.408 0.388 0.368 0.348 0.328 0.308 0.288 0.268 0.248 0.228 0.208 0.188 0.168 0.148 0.128 0.108 0.088 0.068 0.048 0.028 0.008 -0.012 -0.032 -0.052 -0.072 -0.092 -0.112 -0.132 -0.152 -0.172 -0.192 -0.212 -0.232 -0.252 -0.272 -0.292 -0.312 -0.332 -0.352
7.888 0.868 0.848 0.828 0.808 0.788 0.768 0.748 0.728 0.708 0.688 0.668 0.648 0.628 0.608 0.588 0.568 0.548 0.528 0.508 0.488 0.468 0.448 1.028 1.008 0.988 0.968 0.948 0.928 0.908 0.888 0.868 0.848 0.828 0.808 0.788 0.768 0.748 0.728 0.708 0.688 0.668 0.648 0.628 0.608 0.588 0.568 0.548 0.528 0.508 0.488 0.468 0.448 0.428 0.408 0.388 0.368 0.348 0.328 0.308 0.288 0.268 0.248 0.228 0.208 0.188 0.168 0.148 0.128 0.108 0.088 0.068 0.048 0.028 0.008 -0.012 -0.032 -0.052 -0.072 -0.092 -0.112 -0.132 -0.152 -0.172 -0.192 -0.212 -0.232 -0.252 -0.272 -0.292 -0.312 -0.332 -0.352 -0.372
8.848 0.828 0.808 0.788 0.768 0.748 0.728 0.708 0.688 0.668 0.648 0.628 0.608 0.588 0.568 0.548 0.528 0.508 0.488 0.468 0.448 0.428 1.008 0.988 0.968 0.948 0.928 0.908 0.888 0.868 0.848 0.828 0.808 0.788 0.768 0.748 0.728 0.708 0.688 0.668 0.648 0.628 0.608 0.588 0.568 0.548 0.528 0.508 0.488 0.468 0.448 0.428 0.408 0.388 0.368 0.348 0.328 0.308 0.288 0.268 0.248 0.228 0.208 0.188 0.168 0.148 0.128 0.108 0.088 0.068 0.048 0.028 0.008 -0.012 -0.032 -0.052 -0.072 -0.092 -0.112 -0.132 -0.152 -0.172 -0.192 -0.212 -0.232 -0.252 -0.272 -0.292 -0.312 -0.332 -0.352 -0.372 -0.392
9.808 0.788 0.768 0.748 0.728 0.708 0.688 0.668 0.648 0.628 0.608 0.588 0.568 0.548 0.528 0.508 0.488 0.468 0.448 0.428 0.408 0.988 0.968 0.948 0.928 0.908 0.888 0.868 0.848 0.828 0.808 0.788 0.768 0.748 0.728 0.708 0.688 0.668 0.648 0.628 0.608 0.588 0.568 0.548 0.528 0.508 0.488 0.468 0.448 0.428 0.408 0.388 0.368 0.348 0.328 0.308 0.288 0.268 0.248 0.228 0.208 0.188 0.168 0.148 0.128 0.108 0.088 0.068 0.048 0.028 0.008 -0.012 -0.032 -0.052 -0.072 -0.092 -0.112 -0.132 -0.152 -0.172 -0.192 -0.212 -0.232 -0.252 -0.272 -0.292 -0.312 -0.332 -0.352 -0.372 -0.392 -0.412
10.768 0.748 0.728 0.708 0.688 0.668 0.648 0.628 0.608 0.588 0.568 0.548 0.528 0.508 0.488 0.468 0.448 0.428 0.408 0.388 0.968 0.948 0.928 0.908 0.888 0.868 0.848 0.828 0.808 0.788 0.768 0.748 0.728 0.708 0.688 0.668 0.648 0.628 0.608 0.588 0.568 0.548 0.528 0.508 0.488 0.468 0.448 0.428 0.408 0.388 0.368 0.348 0.328 0.308 0.288 0.268 0.248 0.228 0.208 0.188 0.168 0.148 0.128 0.108 0.088 0.068 0.048 0.028 0.008 -0.012 -0.032 -0.052 -0.072 -0.092 -0.112 -0.132 -0.152 -0.172 -0.192 -0.212 -0.232 -0.252 -0.272 -0.292 -0.312 -0.332 -0.352 -0.372 -0.392 -0.412 -0.432
11.728 0.708 0.688 0.668 0.648 0.628 0.608 0.588 0.568 0.548 0.528 0.508 0.488 0.468 0.448 0.428 0.408 0.388 0.368 0.948 0.928 0.908 0.888 0.868 0.848 0.828 0.808 0.788 0.768 0.748 0.728 0.708 0.688 0.668 0.648 0.628 0.608 0.588 0.568 0.548 0.528 0.508 0.488 0.468 0.448 0.428 0.408 0.388 0.368 0.348 0.328 0.308 0.288 0.268 0.248 0.228 0.208 0.188 0.168 0.148 0.128 0.108 0.088 0.068 0.048 0.028 0.008 -0.012 -0.032 -0.052 -0.072 -0.092 -0.112 -0.132 -0.152 -0.172 -0.192 -0.212 -0.232 -0.252 -0.272 -0.292 -0.312 -0.332 -0.352 -0.372 -0.392 -0.412 -0.432 -0.452
12.688 0.668 0.648 0.628 0.608 0.588 0.568 0.548 0.528 0.508 0.488 0.468 0.448 0.428 0.408 0.388 0.368 0.348 0.928 0.908 0.888 0.868 0.848 0.828 0.808 0.788 0.768 0.748 0.728 0.708 0.688 0.668 0.648 0.628 0.608 0.588 0.568 0.548 0.528 0.508 0.488 0.468 0.448 0.428 0.408 0.388 0.368 0.348 0.328 0.308 0.288 0.268 0.248 0.228 0.208 0.188 0.168 0.148 0.128 0.108 0.088 0.068 0.048 0.028 0.008 -0.012 -0.032 -0.052 -0.072 -0.092 -0.112 -0.132 -0.152 -0.172 -0.192 -0.212 -0.232 -0.252 -0.272 -0.292 -0.312 -0.332 -0.352 -0.372 -0.392 -0.412 -0.432 -0.452 -0.472
13.648 0.628 0.608 0.588 0.568 0.548 0.528 0.508 0.488 0.468 0.448 0.428 0.408 0.388 0.368 0.348 0.328 0.908 0.888 0.868 0.848 0.828 0.808 0.788 0.768 0.748 0.728 0.708 0.688 0.668 0.648 0.628 0.608 0.588 0.568 0.548 0.528 0.508 0.488 0.468 0.448 0.428 0.408 0.388 0.368 0.348 0.328 0.308 0.288 0.268 0.248 0.228 0.208 0.188 0.168 0.148 0.128 0.108 0.088 0.068 0.048 0.028 0.008 -0.012 -0.032 -0.052 -0.072 -0.092 -0.112 -0.132 -0.152 -0.172 -0.192 -0.212 -0.232 -0.252 -0.272 -0.292 -0.312 -0.332 -0.352 -0.372 -0.392 -0.412 -0.432 -0.452 -0.472 -0.492
14.608 0.588 0.568 0.548 0.528 0.508 0.488 0.468 0.448 0.428 0.408 0.388 0.368 0.348 0.328 0.308 0.888 0.868 0.848 0.828 0.808 0.788 0.768 0.748 0.728 0.708 0.688 0.668 0.648 0.628 0.608 0.588 0.568 0.548 0.528 0.508 0.488 0.468 0.448 0.428 0.408 0.388 0.368 0.348 0.328 0.308 0.288 0.268 0.248 0.228 0.208 0.188 0.168 0.148 0.128 0.108 0.088 0.068 0.048 0.028 0.008 -0.012 -0.032 -0.052 -0.072 -0.092 -0.112 -0.132 -0.152 -0.172 -0.192 -0.212 -0.232 -0.252 -0.272 -0.292 -0.312 -0.332 -0.352 -0.372 -0.392 -0.412 -0.432 -0.452 -0.472 -0.492 -0.512
15.568 0.548 0.528 0.508 0.488 0.468 0.448 0.428 0.408 0.388 0.368 0.348 0.328 0.308 0.288 0.868 0.848 0.828 0.808 0.788 0.768 0.748 0.728 0.708 0.688 0.668 0.648 0.628 0.608 0.588 0.568 0.548 0.528 0.508 0.488 0.468 0.448 0.428 0.408 0.388 0.368 0.348 0.328 0.308 0.288 0.268 0.248 0.228 0.208 0.188 0.168 0.148 0.128 0.108 0.088 0.068 0.048 0.028 0.008 -0.012 -0.032 -0.052 -0.072 -0.092 -0.112 -0.132 -0.152 -0.172 -0.192 -0.212 -0.232 -0.252 -0.272 -0.292 -0.312 -0.332 -0.352 -0.372 -0.392 -0.412 -0.432 -0.452 -0.472 -0.492 -0.512 -0.532
16.528 0.508 0.488 0.468 0.448 0.428 0.408 0.388 0.368 0.348 0.328 0.308 0.288 0.268 0.848 0.828 0.808 0.788 0.768 0.748 0.728 0.708 0.688 0.668 0.648 0.628 0.608 0.588 0.568 0.548 0.528 0.508 0.488 0.468 0.448 0.428 0.408 0.388 0.368 0.348 0.328 0.308 0.288 0.268 0.248 0.228 0.208 0.188 0.168 0.148 0.128 0.108 0.088 0.068 0.048 0.028 0.008 -0.012 -0.032 -0.052 -0.072 -0.092 -0.112 -0.132 -0.152 -0.172 -0.192 -0.212 -0.232 -0.252 -0.272 -0.292 -0.312 -0.332 -0.352 -0.372 -0.392 -0.412 -0.432 -0.452 -0.472 -0.492 -0.512 -0.532 -0.552
17.488 0.468 0.448 0.428 0.408 0.388 0.368 0.348 0.328 0.308 0.288 0.268 0.248 0.828 0.808 0.788 0.768 0.748 0.728 0.708 0.688 0.668 0.648 0.628 0.608 0.588 0.568 0.548 0.528 0.508 0.488 0.468 0.448 0.428 0.408 0.388 0.368 0.348 0.328 0.308 0.288 0.268 0.248 0.228 0.208 0.188 0.168 0.148 0.128 0.108 0.088 0.068 0.048 0.028 0.008 -0.012 -0.032 -0.052 -0.072 -0.092 -0.112 -0.132 -0.152 -0.172 -0.192 -0.212 -0.232 -0.252 -0.272 -0.292 -0.312 -0.332 -0.352 -0.372 -0.392 -0.412 -0.432 -0.452 -0.472 -0.492 -0.512 -0.532 -0.552 -0.572
18.448 0.428 0.408 0.388 0.368 0.348 0.328 0.308 0.288 0.268 0.248 0.228 0.808 0.788 0.768 0.748 0.728 0.708 0.688 0.668 0.648 0.628 0.608 0.588 0.568 0.548 0.528 0.508 0.488 0.468 0.448 0.428 0.408 0.388 0.368 0.348 0.328 0.308 0.288 0.268 0.248 0.228 0.208 0.188 0.168 0.148 0.128 0.108 0.088 0.068 0.048 0.028 0.008 -0.012 -0.032 -0.052 -0.072 -0.092 -0.112 -0.132 -0.152 -0.172 -0.192 -0.212 -0.232 -0.252 -0.272 -0.292 -0.312 -0.332 -0.352 -0.372 -0.392 -0.412 -0.432 -0.452 -0.472 -0.492 -0.512 -0.532 -0.552 -0.572 -0.592
19.408 0.388 0.368 0.348 0.328 0.308 0.288 0.268 0.248 0.228 0.208 0.788 0.768 0.748 0.728 0.708 0.688 0.668 0.648 0.628 0.608 0.588 0.568 0.548 0.528 0.508 0.488 0.468 0.448 0.428 0.408 0.388 0.368 0.348 0.328 0.308 0.288 0.268 0.248 0.228 0.208 0.188 0.168 0.148 0.128 0.108 0.088 0.068 0.048 0.028 0.008 -0.012 -0.032 -0.052 -0.072 -0.092 -0.112 -0.132 -0.152 -0.172 -0.192 -0.212 -0.232 -0.252 -0.272 -0.292 -0.312 -0.332 -0.352 -0.372 -0.392 -0.412 -0.432 -0.452 -0.472 -0.492 -0.512 -0.532 -0.552 -0.572 -0.592 -0.612
20.368 0.348 0.328 0.308 0.288 0.268 0.248 0.228 0.208 0.188 0.768 0.748 0.728 0.708 0.688 0.668 0.648 0.628 0.608 0.588 0.568 0.548 0.528 0.508 0.488 0.468 0.448 0.428 0.408 0.388 0.368 0.348 0.328 0.308 0.288 0.268 0.248 0.228 0.208 0.188 0.168 0.148 0.128 0.108 0.088 0.068 0.048 0.028 0.008 -0.012 -0.032 -0.052 -0.072 -0.092 -0.112 -0.132 -0.152 -0.172 -0.192 -0.212 -0.232 -0.252 -0.272 -0.292 -0.312 -0.332 -0.352 -0.372 -0.392 -0.412 -0.432 -0.452 -0.472 -0.492 -0.512 -0.532 -0.552 -0.572 -0.592 -0.612 -0.632
21.328 0.308 0.288 0.268 0.248 0.228 0.208 0.188 0.168 0.748 0.728 0.708 0.688 0.668 0.648 0.628 0.608 0.588 0.568 0.548 0.528 0.508 0.488 0.468 0.448 0.428 0.408 0.388 0.368 0.348 0.328 0.308 0.288 0.268 0.248 0.228 0.208 0.188 0.168 0.148 0.128 0.108 0.088 0.068 0.048 0.028 0.008 -0.012 -0.032 -0.052 -0.072 -0.092 -0.112 -0.132 -0.152 -0.172 -0.192 -0.212 -0.232 -0.252 -0.272 -0.292 -0.312 -0.332 -0.352 -0.372 -0.392 -0.412 -0.432 -0.452 -0.472 -0.492 -0.512 -0.532 -0.552 -0.572 -0.592 -0.612 -0.632 -0.652
22.288 0.268 0.248 0.228 0.208 0.188 0.168 0.148 0.728 0.708 0.688 0.668 0.648 0.628 0.608 0.588 0.568 0.548 0.528 0.508 0.488 0.468 0.448 0.428 0.408 0.388 0.368 0.348 0.328 0.308 0.288 0.268 0.248 0.228 0.208 0.188 0.168 0.148 0.128 0.108 0.088 0.068 0.048 0.028 0.008 -0.012 -0.032 -0.052 -0.072 -0.092 -0.112 -0.132 -0.152 -0.172 -0.192 -0.212 -0.232 -0.252 -0.272 -0.292 -0.312 -0.332 -0.352 -0.372 -0.392 -0.412 -0.432 -0.452 -0.472 -0.492 -0.512 -0.532 -0.552 -0.572 -0.592 -0.612 -0.632 -0.652 -0.672
23.248 0.228 0.208 0.188 0.168 0.148 0.128 0.708 0.688 0.668 0.648 0.628 0.608 0.588 0.568 0.548 0.528 0.508 0.488 0.468 0.448 0.428 0.408 0.388 0.368 0.348 0.328 0.308 0.288 0.268 0.248 0.228 0.208 0.188 0.168 0.148 0.128 0.108 0.088 0.068 0.048 0.028 0.008 -0.012 -0.032 -0.052 -0.072 -0.092 -0.112 -0.132 -0.152 -0.172 -0.192 -0.212 -0.232 -0.252 -0.272 -0.292 -0.312 -0.332 -0.352 -0.372 -0.392 -0.412 -0.432 -0.452 -0.472 -0.492 -0.512 -0.532 -0.552 -0.572 -0.592 -0.612 -0.632 -0.652 -0.672 -0.692
24.208 0.188 0.168 0.148 0.128 0.108 0.688 0.668 0.648 0.628 0.608 0.588 0.568 0.548 0.528 0.508 0.488 0.468 0.448 0.428 0.408 0.388 0.368 0.348 0.328 0.308 0.288 0.268 0.248 0.228 0.208 0.188 0.168 0.148 0.128 0.108 0.088 0.068 0.048 0.028 0.008 -0.012 -0.032 -0.052 -0.072 -0.092 -0.112 -0.132 -0.152 -0.172 -0.192 -0.212 -0.232 -0.252 -0.272 -0.292 -0.312 -0.332 -0.352 -0.372 -0.392 -0.412 -0.432 -0.452 -0.472 -0.492 -0.512 -0.532 -0.552 -0.572 -0.592 -0.612 -0.632 -0.652 -0.672 -0.692 -0.712
25.168 0.148 0.128 0.108 0.088 0.668 0.648 0.628 0.608 0.588 0.568 0.548 0.528 0.508 0.488 0.468 0.448 0.428 0.408 0.388 0.368 0.348 0.328 0.308 0.288 0.268 0.248 0.228 0.208 0.188 0.168 0.148 0.128 0.108 0.088 0.068 0.048 0.028 0.008 -0.012 -0.032 -0.052 -0.072 -0.092 -0.112 -0.132 -0.152 -0.172 -0.192 -0.212 -0.232 -0.252 -0.272 -0.292 -0.312 -0.332 -0.352 -0.372 -0.392 -0.412 -0.432 -0.452 -0.472 -0.492 -0.512 -0.532 -0.552 -0.572 -0.592 -0.612 -0.632 -0.652 -0.672 -0.692 -0.712 -0.732
26.128 0.108 0.088 0.068 0.648 0.628 0.608 0.588 0.568 0.548 0.528 0.508 0.488 0.468 0.448 0.428 0.408 0.388 0.368 0.348 0.328 0.308 0.288 0.268 0.248 0.228 0.208 0.188 0.168 0.148 0.128 0.108 0.088 0.068 0.048 0.028 0.008 -0.012 -0.032 -0.052 -0.072 -0.092 -0.112 -0.132 -0.152 -0.172 -0.192 -0.212 -0.232 -0.252 -0.272 -0.292 -0.312 -0.332 -0.352 -0.372 -0.392 -0.412 -0.432 -0.452 -0.472 -0.492 -0.512 -0.532 -0.552 -0.572 -0.592 -0.612 -0.632 -0.652 -0.672 -0.692 -0.712 -0.732 -0.752
27.088 0.068 0.048 0.628 0.608 0.588 0.568 0.548 0.528 0.508 0.488 0.468 0.448 0.428 0.408 0.388 0.368 0.348 0.328 0.308 0.288 0.268 0.248 0.228 0.208 0.188 0.168 0.148 0.128 0.108 0.088 0.068 0.048 0.028 0.008 -0.012 -0.032 -0.052 -0.072 -0.092 -0.112 -0.132 -0.152 -0.172 -0.192 -0.212 -0.232 -0.252 -0.272 -0.292 -0.312 -0.332 -0.352 -0.372 -0.392 -0.412 -0.432 -0.452 -0.472 -0.492 -0.512 -0.532 -0.552 -0.572 -0.592 -0.612 -0.632 -0.652 -0.672 -0.692 -0.712 -0.732 -0.752 -0.772
28.048 0.028 0.608 0.588 0.568 0.548 0.528 0.508 0.488 0.468 0.448 0.428 0.408 0.388 0.368 0.348 0.328 0.308 0.288 0.268 0.248 0.228 0.208 0.188 0.168 0.148 0.128 0.108 0.088 0.068 0.048 0.028 0.008 -0.012 -0.032 -0.052 -0.072 -0.092 -0.112 -0.132 -0.152 -0.172 -0.192 -0.212 -0.232 -0.252 -0.272 -0.292 -0.312 -0.332 -0.352 -0.372 -0.392 -0.412 -0.432 -0.452 -0.472 -0.492 -0.512 -0.532 -0.552 -0.572 -0.592 -0.612 -0.632 -0.652 -0.672 -0.692 -0.712 -0.732 -0.752 -0.772 -0.792
29.008 0.588 0.568 0.548 0.528 0.508 0.488 0.468 0.448 0.428 0.408 0.388 0.368 0.348 0.328 0.308 0.288 0.268 0.248 0.228 0.208 0.188 0.168 0.148 0.128 0.108 0.088 0.068 0.048 0.028 0.008 -0.012 -0.032 -0.052 -0.072 -0.092 -0.112 -0.132 -0.152 -0.172 -0.192 -0.212 -0.232 -0.252 -0.272 -0.292 -0.312 -0.332 -0.352 -0.372 -0.392 -0.412 -0.432 -0.452 -0.472 -0.492 -0.512 -0.532 -0.552 -0.572 -0.592 -0.612 -0.632 -0.652 -0.672 -0.692 -0.712 -0.732 -0.752 -0.772 -0.792 -0.812
1.168 1.148 1.128 1.108 1.088 1.068 1.048 1.028 1.008 0.988 0.968 0.948 0.928 0.908 0.888 0.868 0.848 0.828 0.808 0.788 0.768 0.748 0.728 0.708 0.688 0.668 0.648 0.628 0.608 0.588 0.568 0.548 0.528 0.508 0.488 0.468 0.448 0.428 0.408 0.388 0.368 0.348 0.328 0.308 0.288 0.268 0.248 0.228 0.208 0.188 0.168 0.148 0.128 0.108 0.088 0.068 0.048 0.028 0.008 -0.012 -0.032 -0.052 -0.072 -0.092 -0.112 -0.132 -0.152 -0.172 -0.192 -0.212 -0.232
2.128 1.108 1.088 1.068 1.048 1.028 1.008 0.988 0.968 0.948 0.928 0.908 0.888 0.868 0.848 0.828 0.808 0.788 0.768 0.748 0.728 0.708 0.688 0.668 0.648 0.628 0.608 0.588 0.568 0.548 0.528 0.508 0.488 0.468 0.448 0.428 0.408 0.388 0.368 0.348 0.328 0.308 0.288 0.268 0.248 0.228 0.208 0.188 0.168 0.148 0.128 0.108 0.088 0.068 0.048 0.028 0.008 -0.012 -0.032 -0.052 -0.072 -0.092 -0.112 -0.132 -0.152 -0.172 -0.192 -0.212 -0.232 -0.252
3.088 1.068 1.048 1.028 1.008 0.988 0.968 0.948 0.928 0.908 0.888 0.868 0.848 0.828 0.808 0.788 0.768 0.748 0.728 0.708 0.688 0.668 0.648 0.628 0.608 0.588 0.568 0.548 0.528 0.508 0.488 0.468 0.448 0.428 0.408 0.388 0.368 0.348 0.328 0.308 0.288 0.268 0.248 0.228 0.208 0.188 0.168 0.148 0.128 0.108 0.088 0.068 0.048 0.028 0.008 -0.012 -0.032 -0.052 -0.072 -0.092 -0.112 -0.132 -0.152 -0.172 -0.192 -0.212 -0.232 -0.252 -0.272
4.048 1.028 1.008 0.988 0.968 0.948 0.928 0.908 0.888 0.868 0.848 0.828 0.808 0.788 0.768 0.748 0.728 0.708 0.688 0.668 0.648 0.628 0.608 0.588 0.568 0.548 0.528 0.508 0.488 0.468 0.448 0.428 0.408 0.388 0.368 0.348 0.328 0.308 0.288 0.268 0.248 0.228 0.208 0.188 0.168 0.148 0.128 0.108 0.088 0.068 0.048 0.028 0.008 -0.012 -0.032 -0.052 -0.072 -0.092 -0.112 -0.132 -0.152 -0.172 -0.192 -0.212 -0.232 -0.252 -0.272 -0.292
5.008 0.988 0.968 0.948 0.928 0.908 0.888 0.868 0.848 0.828 0.808 0.788 0.768 0.748 0.728 0.708 0.688 0.668 0.648 0.628 0.608 0.588 0.568 0.548 0.528 0.508 0.488 0.468 0.448 0.428 0.408 0.388 0.368 0.348 0.328 0.308 0.288 0.268 0.248 0.228 0.208 0.188 0.168 0.148 0.128 0.108 0.088 0.068 0.048 0.028 0.008 -0.012 -0.032 -0.052 -0.072 -0.092 -0.112 -0.132 -0.152 -0.172 -0.192 -0.212 -0.232 -0.252 -0.272 -0.292 -0.312
5.968 0.948 0.928 0.908 0.888 0.868 0.848 0.828 0.808 0.788 0.768 0.748 0.728 0.708 0.688 0.668 0.648 0.628 0.608 0.588 0.568 0.548 0.528 0.508 0.488 0.468 0.448 0.428 0.408 0.388 0.368 0.348 0.328 0.308 0.288 0.268 0.248 0.228 0.208 0.188 0.168 0.148 0.128 0.108 0.088 0.068 0.048 0.028 0.008 -0.012 -0.032 -0.052 -0.072 -0.092 -0.112 -0.132 -0.152 -0.172 -0.192 -0.212 -0.232 -0.252 -0.272 -0.292 -0.312 -0.332
6.928 0.908 0.888 0.868 0.848 0.828 0.808 0.788 0.768 0.748 0.728 0.708 0.688 0.668 0.648 0.628 0.608 0.588 0.568 0.548 0.528 0.508 0.488 0.468 0.448 0.428 0.408 0.388 0.368 0.348 0.328 0.308 0.288 0.268 0.248 0.228 0.208 0.188 0.168 0.148 0.128 0.108 0.088 0.068 0.048 0.028 0.008 -0.012 -0.032 -0.052 -0.072 -0.092 -0.112 -0.132 -0.152 -0.172 -0.192 -0.212 -0.232 -0.252 -0.272 -0.292 -0.312 -0.332 -0.352
7.888 0.868 0.848 0.828 0.808 0.788 0.768 0.748 0.728 0.708 0.688 0.668 0.648 0.628 0.608 0.588 0.568 0.548 0.528 0.508 0.488 0.468 0.448 0.428 0.408 0.388 0.368 0.348 0.328 0.308 0.288 0.268 0.248 0.228 0.208 0.188 0.168 0.148 0.128 0.108 0.088 0.068 0.048 0.028 0.008 -0.012 -0.032 -0.052 -0.072 -0.092 -0.112 -0.132 -0.152 -0.172 -0.192 -0.212 -0.232 -0.252 -0.272 -0.292 -0.312 -0.332 -0.352 -0.372
8.848 0.828 0.808 0.788 0.768 0.748 0.728 0.708 0.688 0.668 0.648 0.628 0.608 0.588 0.568 0.548 0.528 0.508 0.488 0.468 0.448 0.428 0.408 0.388 0.368 0.348 0.328 0.308 0.288 0.268 0.248 0.228 0.208 0.188 0.168 0.148 0.128 0.108 0.088 0.068 0.048 0.028 0.008 -0.012 -0.032 -0.052 -0.072 -0.092 -0.112 -0.132 -0.152 -0.172 -0.192 -0.212 -0.232 -0.252 -0.272 -0.292 -0.312 -0.332 -0.352 -0.372 -0.392
9.808 0.788 0.768 0.748 0.728 0.708 0.688 0.668 0.648 0.628 0.608 0.588 0.568 0.548 0.528 0.508 0.488 0.468 0.448 0.428 0.408 0.388 0.368 0.348 0.328 0.308 0.288 0.268 0.248 0.228 0.208 0.188 0.168 0.148 0.128 0.108 0.088 0.068 0.048 0.028 0.008 -0.012 -0.032 -0.052 -0.072 -0.092 -0.112 -0.132 -0.152 -0.172 -0.192 -0.212 -0.232 -0.252 -0.272 -0.292 -0.312 -0.332 -0.352 -0.372 -0.392 -0.412
10.768 0.748 0.728 0.708 0.688 0.668 0.648 0.628 0.608 0.588 0.568 0.548 0.528 0.508 0.488 0.468 0.448 0.428 0.408 0.388 0.368 0.348 0.328 0.308 0.288 0.268 0.248 0.228 0.208 0.188 0.168 0.148 0.128 0.108 0.088 0.068 0.048 0.028 0.008 -0.012 -0.032 -0.052 -0.072 -0.092 -0.112 -0.132 -0.152 -0.172 -0.192 -0.212 -0.232 -0.252 -0.272 -0.292 -0.312 -0.332 -0.352 -0.372 -0.392 -0.412 -0.432
11.728 0.708 0.688 0.668 0.648 0.628 0.608 0.588 0.568 0.548 0.528 0.508 0.488 0.468 0.448 0.428 0.408 0.388 0.368 0.348 0.328 0.308 0.288 0.268 0.248 0.228 0.208 0.188 0.168 0.148 0.128 0.108 0.088 0.068 0.048 0.028 0.008 -0.012 -0.032 -0.052 -0.072 -0.092 -0.112 -0.132 -0.152 -0.172 -0.192 -0.212 -0.232 -0.252 -0.272 -0.292 -0.312 -0.332 -0.352 -0.372 -0.392 -0.412 -0.432 -0.452
12.688 0.668 0.648 0.628 0.608 0.588 0.568 0.548 0.528 0.508 0.488 0.468 0.448 0.428 0.408 0.388 0.368 0.348 0.328 0.308 0.288 0.268 0.248 0.228 0.208 0.188 0.168 0.148 0.128 0.108 0.088 0.068 0.048 0.028 0.008 -0.012 -0.032 -0.052 -0.072 -0.092 -0.112 -0.132 -0.152 -0.172 -0.192 -0.212 -0.232 -0.252 -0.272 -0.292 -0.312 -0.332 -0.352 -0.372 -0.392 -0.412 -0.432 -0.452 -0.472
13.648 0.628 0.608 0.588 0.568 0.548 0.528 0.508 0.488 0.468 0.448 0.428 0.408 0.388 0.368 0.348 0.328 0.308 0.288 0.268 0.248 0.228 0.208 0.188 0.168 0.148 0.128 0.108 0.088 0.068 0.048 0.028 0.008 -0.012 -0.032 -0.052 -0.072 -0.092 -0.112 -0.132 -0.152 -0.172 -0.192 -0.212 -0.232 -0.252 -0.272 -0.292 -0.312 -0.332 -0.352 -0.372 -0.392 -0.412 -0.432 -0.452 -0.472 -0.492
14.608 0.588 0.568 0.548 0.528 0.508 0.488 0.468 0.448 0.428 0.408 0.388 0.368 0.348 0.328 0.308 0.288 0.268 0.248 0.228 0.208 0.188 0.168 0.148 0.128 0.108 0.088 0.068 0.048 0.028 0.008 -0.012 -0.032 -0.052 -0.072 -0.092 -0.112 -0.132 -0.152 -0.172 -0.192 -0.212 -0.232 -0.252 -0.272 -0.292 -0.312 -0.332 -0.352 -0.372 -0.392 -0.412 -0.432 -0.452 -0.472 -0.492 -0.512
15.568 0.548 0.528 0.508 0.488 0.468 0.448 0.428 0.408 0.388 0.368 0.348 0.328 0.308 0.288 0.268 0.248 0.228 0.208 0.188 0.168 0.148 0.128 0.108 0.088 0.068 0.048 0.028 0.008 -0.012 -0.032 -0.052 -0.072 -0.092 -0.112 -0.132 -0.152 -0.172 -0.192 -0.212 -0.232 -0.252 -0.272 -0.292 -0.312 -0.332 -0.352 -0.372 -0.392 -0.412 -0.432 -0.452 -0.472 -0.492 -0.512 -0.532
16.528 0.508 0.488 0.468 0.448 0.428 0.408 0.388 0.368 0.348 0.328 0.308 0.288 0.268 0.248 0.228 0.208 0.188 0.168 0.148 0.128 0.108 0.088 0.068 0.048 0.028 0.008 -0.012 -0.032 -0.052 -0.072 -0.092 -0.112 -0.132 -0.152 -0.172 -0.192 -0.212 -0.232 -0.252 -0.272 -0.292 -0.312 -0.332 -0.352 -0.372 -0.392 -0.412 -0.432 -0.452 -0.472 -0.492 -0.512 -0.532 -0.552
17.488 0.468 0.448 0.428 0.408 0.388 0.368 0.348 0.328 0.308 0.288 0.268 0.248 0.228 0.208 0.188 0.168 0.148 0.128 0.108 0.088 0.068 0.048 0.028 0.008 -0.012 -0.032 -0.052 -0.072 -0.092 -0.112 -0.132 -0.152 -0.172 -0.192 -0.212 -0.232 -0.252 -0.272 -0.292 -0.312 -0.332 -0.352 -0.372 -0.392 -0.412 -0.432 -0.452 -0.472 -0.492 -0.512 -0.532 -0.552 -0.572
18.448 0.428 0.408 0.388 0.368 0.348 0.328 0.308 0.288 0.268 0.248 0.228 0.208 0.188 0.168 0.148 0.128 0.108 0.088 0.068 0.048 0.028 0.008 -0.012 -0.032 -0.052 -0.072 -0.092 -0.112 -0.132 -0.152 -0.172 -0.192 -0.212 -0.232 -0.252 -0.272 -0.292 -0.312 -0.332 -0.352 -0.372 -0.392 -0.412 -0.432 -0.452 -0.472 -0.492 -0.512 -0.532 -0.552 -0.572 -0.592
19.408 0.388 0.368 0.348 0.328 0.308 0.288 0.268 0.248 0.228 0.208 0.188 0.168 0.148 0.128 0.108 0.088 0.068 0.048 0.028 0.008 -0.012 -0.032 -0.052 -0.072 -0.092 -0.112 -0.132 -0.152 -0.172 -0.192 -0.212 -0.232 -0.252 -0.272 -0.292 -0.312 -0.332 -0.352 -0.372 -0.392 -0.412 -0.432 -0.452 -0.472 -0.492 -0.512 -0.532 -0.552 -0.572 -0.592 -0.612
20.368 0.348 0.328 0.308 0.288 0.268 0.248 0.228 0.208 0.188 0.168 0.148 0.128 0.108 0.088 0.068 0.048 0.028 0.008 -0.012 -0.032 -0.052 -0.072 -0.092 -0.112 -0.132 -0.152 -0.172 -0.192 -0.212 -0.232 -0.252 -0.272 -0.292 -0.312 -0.332 -0.352 -0.372 -0.392 -0.412 -0.432 -0.452 -0.472 -0.492 -0.512 -0.532 -0.552 -0.572 -0.592 -0.612 -0.632
21.328 0.308 0.288 0.268 0.248 0.228 0.208 0.188 0.168 0.148 0.128 0.108 0.088 0.068 0.048 0.028 0.008 -0.012 -0.032 -0.052 -0.072 -0.092 -0.112 -0.132 -0.152 -0.172 -0.192 -0.212 -0.232 -0.252 -0.272 -0.292 -0.312 -0.332 -0.352 -0.372 -0.392 -0.412 -0.432 -0.452 -0.472 -0.492 -0.512 -0.532 -0.552 -0.572 -0.592 -0.612 -0.632 -0.652
22.288 0.268 0.248 0.228 0.208 0.188 0.168 0.148 0.128 0.108 0.088 0.068 0.048 0.028 0.008 -0.012 -0.032 -0.052 -0.072 -0.092 -0.112 -0.132 -0.152 -0.172 -0.192 -0.212 -0.232 -0.252 -0.272 -0.292 -0.312 -0.332 -0.352 -0.372 -0.392 -0.412 -0.432 -0.452 -0.472 -0.492 -0.512 -0.532 -0.552 -0.572 -0.592 -0.612 -0.632 -0.652 -0.672
23.248 0.228 0.208 0.188 0.168 0.148 0.128 0.108 0.088 0.068 0.048 0.028 0.008 -0.012 -0.032 -0.052 -0.072 -0.092 -0.112 -0.132 -0.152 -0.172 -0.192 -0.212 -0.232 -0.252 -0.272 -0.292 -0.312 -0.332 -0.352 -0.372 -0.392 -0.412 -0.432 -0.452 -0.472 -0.492 -0.512 -0.532 -0.552 -0.572 -0.592 -0.612 -0.632 -0.652 -0.672 -0.692
24.208 0.188 0.168 0.148 0.128 0.108 0.088 0.068 0.048 0.028 0.008 -0.012 -0.032 -0.052 -0.072 -0.092 -0.112 -0.132 -0.152 -0.172 -0.192 -0.212 -0.232 -0.252 -0.272 -0.292 -0.312 -0.332 -0.352 -0.372 -0.392 -0.412 -0.432 -0.452 -0.472 -0.492 -0.512 -0.532 -0.552 -0.572 -0.592 -0.612 -0.632 -0.652 -0.672 -0.692 -0.712
25.168 0.148 0.128 0.108 0.088 0.068 0.048 0.028 0.008 -0.012 -0.032 -0.052 -0.072 -0.092 -0.112 -0.132 -0.152 -0.172 -0.192 -0.212 -0.232 -0.252 -0.272 -0.292 -0.312 -0.332 -0.352 -0.372 -0.392 -0.412 -0.432 -0.452 -0.472 -0.492 -0.512 -0.532 -0.552 -0.572 -0.592 -0.612 -0.632 -0.652 -0.672 -0.692 -0.712 -0.732
26.128 0.108 0.088 0.068 0.048 0.028 0.008 -0.012 -0.032 -0.052 -0.072 -0.092 -0.112 -0.132 -0.152 -0.172 -0.192 -0.212 -0.232 -0.252 -0.272 -0.292 -0.312 -0.332 -0.352 -0.372 -0.392 -0.412 -0.432 -0.452 -0.472 -0.492 -0.512 -0.532 -0.552 -0.572 -0.592 -0.612 -0.632 -0.652 -0.672 -0.692 -0.712 -0.732 -0.752
27.088 0.068 0.048 0.028 0.008 -0.012 -0.032 -0.052 -0.072 -0.092 -0.112 -0.132 -0.152 -0.172 -0.192 -0.212 -0.232 -0.252 -0.272 -0.292 -0.312 -0.332 -0.352 -0.372 -0.392 -0.412 -0.432 -0.452 -0.472 -0.492 -0.512 -0.532 -0.552 -0.572 -0.592 -0.612 -0.632 -0.652 -0.672 -0.692 -0.712 -0.732 -0.752 -0.772
28.048 0.028 0.008 -0.012 -0.032 -0.052 -0.072 -0.092 -0.112 -0.132 -0.152 -0.172 -0.192 -0.212 -0.232 -0.252 -0.272 -0.292 -0.312 -0.332 -0.352 -0.372 -0.392 -0.412 -0.432 -0.452 -0.472 -0.492 -0.512 -0.532 -0.552 -0.572 -0.592 -0.612 -0.632 -0.652 -0.672 -0.692 -0.712 -0.732 -0.752 -0.772 -0.792
29.008 -0.012 -0.032 -0.052 -0.072 -0.092 -0.112 -0.132 -0.152 -0.172 -0.192 -0.212 -0.232 -0.252 -0.272 -0.292 -0.312 -0.332 -0.352 -0.372 -0.392 -0.412 -0.432 -0.452 -0.472 -0.492 -0.512 -0.532 -0.552 -0.572 -0.592 -0.612 -0.632 -0.652 -0.672 -0.692 -0.712 -0.732 -0.752 -0.772 -0.792 -0.812
29.968 -0.052 -0.072 -0.092 -0.112 -0.132 -0.152 -0.172 -0.192 -0.212 -0.232 -0.252 -0.272 -0.292 -0.312 -0.332 -0.352 -0.372 -0.392 -0.412 -0.432 -0.452 -0.472 -0.492 -0.512 -0.532 -0.552 -0.572 -0.592 -0.612 -0.632 -0.652 -0.672 -0.692 -0.712 -0.732 -0.752 -0.772 -0.792 -0.812 -0.832
30.928 -0.092 -0.112 -0.132 -0.152 -0.172 -0.192 -0.212 -0.232 -0.252 -0.272 -0.292 -0.312 -0.332 -0.352 -0.372 -0.392 -0.412 -0.432 -0.452 -0.472 -0.492 -0.512 -0.532 -0.552 -0.572 -0.592 -0.612 -0.632 -0.652 -0.672 -0.692 -0.712 -0.732 -0.752 -0.772 -0.792 -0.812 -0.832 -0.852
31.888 -0.132 -0.152 -0.172 -0.192 -0.212 -0.232 -0.252 -0.272 -0.292 -0.312 -0.332 -0.352 -0.372 -0.392 -0.412 -0.432 -0.452 -0.472 -0.492 -0.512 -0.532 -0.552 -0.572 -0.592 -0.612 -0.632 -0.652 -0.672 -0.692 -0.712 -0.732 -0.752 -0.772 -0.792 -0.812 -0.832 -0.852 -0.872
32.848 -0.172 -0.192 -0.212 -0.232 -0.252 -0.272 -0.292 -0.312 -0.332 -0.352 -0.372 -0.392 -0.412 -0.432 -0.452 -0.472 -0.492 -0.512 -0.532 -0.552 -0.572 -0.592 -0.612 -0.632 -0.652 -0.672 -0.692 -0.712 -0.732 -0.752 -0.772 -0.792 -0.812 -0.832 -0.852 -0.872 -0.892
33.808 -0.212 -0.232 -0.252 -0.272 -0.292 -0.312 -0.332 -0.352 -0.372 -0.392 -0.412 -0.432 -0.452 -0.472 -0.492 -0.512 -0.532 -0.552 -0.572 -0.592 -0.612 -0.632 -0.652 -0.672 -0.692 -0.712 -0.732 -0.752 -0.772 -0.792 -0.812 -0.832 -0.852 -0.872 -0.892 -0.912
34.768 -0.252 -0.272 -0.292 -0.312 -0.332 -0.352 -0.372 -0.392 -0.412 -0.432 -0.452 -0.472 -0.492 -0.512 -0.532 -0.552 -0.572 -0.592 -0.612 -0.632 -0.652 -0.672 -0.692 -0.712 -0.732 -0.752 -0.772 -0.792 -0.812 -0.832 -0.852 -0.872 -0.892 -0.912 -0.932
35.728 -0.292 -0.312 -0.332 -0.352 -0.372 -0.392 -0.412 -0.432 -0.452 -0.472 -0.492 -0.512 -0.532 -0.552 -0.572 -0.592 -0.612 -0.632 -0.652 -0.672 -0.692 -0.712 -0.732 -0.752 -0.772 -0.792 -0.812 -0.832 -0.852 -0.872 -0.892 -0.912 -0.932 -0.952
36.688 -0.332 -0.352 -0.372 -0.392 -0.412 -0.432 -0.452 -0.472 -0.492 -0.512 -0.532 -0.552 -0.572 -0.592 -0.612 -0.632 -0.652 -0.672 -0.692 -0.712 -0.732 -0.752 -0.772 -0.792 -0.812 -0.832 -0.852 -0.872 -0.892 -0.912 -0.932 -0.952 -0.972
37.648 -0.372 -0.392 -0.412 -0.432 -0.452 -0.472 -0.492 -0.512 -0.532 -0.552 -0.572 -0.592 -0.612 -0.632 -0.652 -0.672 -0.692 -0.712 -0.732 -0.752 -0.772 -0.792 -0.812 -0.832 -0.852 -0.872 -0.892 -0.912 -0.932 -0.952 -0.972 -0.992
38.608 -0.412 -0.432 -0.452 -0.472 -0.492 -0.512 -0.532 -0.552 -0.572 -0.592 -0.612 -0.632 -0.652 -0.672 -0.692 -0.712 -0.732 -0.752 -0.772 -0.792 -0.812 -0.832 -0.852 -0.872 -0.892 -0.912 -0.932 -0.952 -0.972 -0.992 -1.012
39.568 -0.452 -0.472 -0.492 -0.512 -0.532 -0.552 -0.572 -0.592 -0.612 -0.632 -0.652 -0.672 -0.692 -0.712 -0.732 -0.752 -0.772 -0.792 -0.812 -0.832 -0.852 -0.872 -0.892 -0.912 -0.932 -0.952 -0.972 -0.992 -1.012 -1.032
40.528 -0.492 -0.512 -0.532 -0.552 -0.572 -0.592 -0.612 -0.632 -0.652 -0.672 -0.692 -0.712 -0.732 -0.752 -0.772 -0.792 -0.812 -0.832 -0.852 -0.872 -0.892 -0.912 -0.932 -0.952 -0.972 -0.992 -1.012 -1.032 -1.052
41.488 -0.532 -0.552 -0.572 -0.592 -0.612 -0.632 -0.652 -0.672 -0.692 -0.712 -0.732 -0.752 -0.772 -0.792 -0.812 -0.832 -0.852 -0.872 -0.892 -0.912 -0.932 -0.952 -0.972 -0.992 -1.012 -1.032 -1.052 -1.072
42.448 -0.572 -0.592 -0.612 -0.632 -0.652 -0.672 -0.692 -0.712 -0.732 -0.752 -0.772 -0.792 -0.812 -0.832 -0.852 -0.872 -0.892 -0.912 -0.932 -0.952 -0.972 -0.992 -1.012 -1.032 -1.052 -1.072 -1.092
43.408 -0.612 -0.632 -0.652 -0.672 -0.692 -0.712 -0.732 -0.752 -0.772 -0.792 -0.812 -0.832 -0.852 -0.872 -0.892 -0.912 -0.932 -0.952 -0.972 -0.992 -1.012 -1.032 -1.052 -1.072 -1.092 -1.112
44.368 -0.652 -0.672 -0.692 -0.712 -0.732 -0.752 -0.772 -0.792 -0.812 -0.832 -0.852 -0.872 -0.892 -0.912 -0.932 -0.952 -0.972 -0.992 -1.012 -1.032 -1.052 -1.072 -1.092 -1.112 -1.132
45.328 -0.692 -0.712 -0.732 -0.752 -0.772 -0.792 -0.812 -0.832 -0.852 -0.872 -0.892 -0.912 -0.932 -0.952 -0.972 -0.992 -1.012 -1.032 -1.052 -1.072 -1.092 -1.112 -1.132 -1.152
46.288 -0.732 -0.752 -0.772 -0.792 -0.812 -0.832 -0.852 -0.872 -0.892 -0.912 -0.932 -0.952 -0.972 -0.992 -1.012 -1.032 -1.052 -1.072 -1.092 -1.112 -1.132 -1.152 -1.172
47.248 -0.772 -0.792 -0.812 -0.832 -0.852 -0.872 -0.892 -0.912 -0.932 -0.952 -0.972 -0.992 -1.012 -1.032 -1.052 -1.072 -1.092 -1.112 -1.132 -1.152 -1.172 -1.192
48.208 -0.812 -0.832 -0.852 -0.872 -0.892 -0.912 -0.932 -0.952 -0.972 -0.992 -1.012 -1.032 -1.052 -1.072 -1.092 -1.112 -1.132 -1.152 -1.172 -1.192 -1.212
49.168 -0.852 -0.872 -0.892 -0.912 -0.932 -0.952 -0.972 -0.992 -1.012 -1.032 -1.052 -1.072 -1.092 -1.112 -1.132 -1.152 -1.172 -1.192 -1.212 -1.232
50.128 -0.892 -0.912 -0.932 -0.952 -0.972 -0.992 -1.012 -1.032 -1.052 -1.072 -1.092 -1.112 -1.132 -1.152 -1.172 -1.192 -1.212 -1.232 -1.252
51.088 -0.932 -0.952 -0.972 -0.992 -1.012 -1.032 -1.052 -1.072 -1.092 -1.112 -1.132 -1.152 -1.172 -1.192 -1.212 -1.232 -1.252 -1.272
52.048 -0.972 -0.992 -1.012 -1.032 -1.052 -1.072 -1.092 -1.112 -1.132 -1.152 -1.172 -1.192 -1.212 -1.232 -1.252 -1.272 -1.292
53.008 -1.012 -1.032 -1.052 -1.072 -1.092 -1.112 -1.132 -1.152 -1.172 -1.192 -1.212 -1.232 -1.252 -1.272 -1.292 -1.312
53.968 -1.052 -1.072 -1.092 -1.112 -1.132 -1.152 -1.172 -1.192 -1.212 -1.232 -1.252 -1.272 -1.292 -1.312 -1.332
54.928 -1.092 -1.112 -1.132 -1.152 -1.172 -1.192 -1.212 -1.232 -1.252 -1.272 -1.292 -1.312 -1.332 -1.352
55.888 -1.132 -1.152 -1.172 -1.192 -1.212 -1.232 -1.252 -1.272 -1.292 -1.312 -1.332 -1.352 -1.372
56.848 -1.172 -1.192 -1.212 -1.232 -1.252 -1.272 -1.292 -1.312 -1.332 -1.352 -1.372 -1.392
57.808 -1.212 -1.232 -1.252 -1.272 -1.292 -1.312 -1.332 -1.352 -1.372 -1.392 -1.412
58.768 -1.252 -1.272 -1.292 -1.312 -1.332 -1.352 -1.372 -1.392 -1.412 -1.432
59.728 -1.292 -1.312 -1.332 -1.352 -1.372 -1.392 -1.412 -1.432 -1.452
60.688 -1.332 -1.352 -1.372 -1.392 -1.412 -1.432 -1.452 -1.472
61.648 -1.372 -1.392 -1.412 -1.432 -1.452 -1.472 -1.492
62.608 -1.412 -1.432 -1.452 -1.472 -1.492 -1.512
63.568 -1.452 -1.472 -1.492 -1.512 -1.532
64.528 -1.492 -1.512 -1.532 -1.552
65.488 -1.532 -1.552 -1.572
66.448 -1.572 -1.592
67.408 -1.612
68.368
-1.4 1.6 -3.4 3.6 -5.4 5.6 -7.4 7.6 -9.4 9.6 -11.4 11.6 -13.4 13.6 -15.4 15.6 -17.4 17.6 -19.4 19.6 -21.4 21.6 -23.4 23.6 -25.4 25.6 -27.4 27.6 -29.4 -0.4 -1.4 1.6 -3.4 3.6 -5.4 5.6 -7.4 7.6 -9.4 9.6 -11.4 11.6 -13.4 13.6 -15.4 15.6 -17.4 17.6 -19.4 19.6 -21.4 21.6 -23.4 23.6 -25.4 25.6 -27.4 27.6 -29.4 29.6 -31.4 31.6 -33.4 33.6 -35.4 35.6 -37.4 37.6 -39.4 39.6 -41.4 41.6 -43.4 43.6 -45.4 45.6 -47.4 47.6 -49.4 49.6 -51.4 51.6 -53.4 53.6 -55.4 55.6 -57.4 57.6 -59.4 59.6 -61.4 61.6 -63.4 63.6 -65.4 65.6 -67.4 67.6 -69.4 69.6