100
-99.88 4.08 4.04 4. 3.96 3.92 3.88 3.84 3.8 3.76 3.72 3.68 3.64 3.6 3.56 3.52 3.48 3.44 3.4 3.36 3.32 3.28 3.24 3.2 3.16 3.12 3.08 3.04 3. 2.96 2.92 2.88 2.84 2.8 2.76 2.72 2.68 2.64 2.6 2.56 2.52 2.48 2.44 2.4 2.36 2.32 2.28 2.24 2.2 2.16 1.96 1.92 1.88 1.84 1.8 1.76 1.72 1.68 1.64 1.6 1.56 1.52 1.48 1.44 1.4 1.36 1.32 1.28 1.24 1.2 1.16 1.12 1.08 1.04 1. 0.96 0.92 0.88 0.84 0.8 0.76 0.72 0.68 0.64 0.6 0.56 0.52 0.48 0.44 0.4 0.36 0.32 0.28 0.24 0.2 0.16 0.12 0.08 0.04 0.
-97.96 4. 3.96 3.92 3.88 3.84 3.8 3.76 3.72 3.68 3.64 3.6 3.56 3.52 3.48 3.44 3.4 3.36 3.32 3.28 3.24 3.2 3.16 3.12 3.08 3.04 3. 2.96 2.92 2.88 2.84 2.8 2.76 2.72 2.68 2.64 2.6 2.56 2.52 2.48 2.44 2.4 2.36 2.32 2.28 2.24 2.2 2.16 2.12 1.92 1.88 1.84 1.8 1.76 1.72 1.68 1.64 1.6 1.56 1.52 1.48 1.44 1.4 1.36 1.32 1.28 1.24 1.2 1.16 1.12 1.08 1.04 1. 0.96 0.92 0.88 0.84 0.8 0.76 0.72 0.68 0.64 0.6 0.56 0.52 0.48 0.44 0.4 0.36 0.32 0.28 0.24 0.2 0.16 0.12 0.08 0.04 0. -0.04
-96.04 3.92 3.88 3.84 3.8 3.76 3.72 3.68 3.64 3.6 3.56 3.52 3.48 3.44 3.4 3.36 3.32 3.28 3.24 3.2 3.16 3.12 3.08 3.04 3. 2.96 2.92 2.88 2.84 2.8 2.76 2.72 2.68 2.64 2.6 2.56 2.52 2.48 2.44 2.4 2.36 2.32 2.28 2.24 2.2 2.16 2.12 2.08 1.88 1.84 1.8 1.76 1.72 1.68 1.64 1.6 1.56 1.52 1.48 1.44 1.4 1.36 1.32 1.28 1.24 1.2 1.16 1.12 1.08 1.04 1. 0.96 0.92 0.88 0.84 0.8 0.76 0.72 0.68 0.64 0.6 0.56 0.52 0.48 0.44 0.4 0.36 0.32 0.28 0.24 0.2 0.16 0.12 0.08 0.04 0. -0.04 -0.08
-94.12 3.84 3.8 3.76 3.72 3.68 3.64 3.6 3.56 3.52 3.48 3.44 3.4 3.36 3.32 3.28 3.24 3.2 3.16 3.12 3.08 3.04 3. 2.96 2.92 2.88 2.84 2.8 2.76 2.72 2.68 2.64 2.6 2.56 2.52 2.48 2.44 2.4 2.36 2.32 2.28 2.24 2.2 2.16 2.12 2.08 2.04 1.84 1.8 1.76 1.72 1.68 1.64 1.6 1.56 1.52 1.48 1.44 1.4 1.36 1.32 1.28 1.24 1.2 1.16 1.12 1.08 1.04 1. 0.96 0.92 0.88 0.84 0.8 0.76 0.72 0.68 0.64 0.6 0.56 0.52 0.48 0.44 0.4 0.36 0.32 0.28 0.24 0.2 0.16 0.12 0.08 0.04 0. -0.04 -0.08 -0.12
-92.2 3.76 3.72 3.68 3.64 3.6 3.56 3.52 3.48 3.44 3.4 3.36 3.32 3.28 3.24 3.2 3.16 3.12 3.08 3.04 3. 2.96 2.92 2.88 2.84 2.8 2.76 2.72 2.68 2.64 2.6 2.56 2.52 2.48 2.44 2.4 2.36 2.32 2.28 2.24 2.2 2.16 2.12 2.08 2.04 2. 1.8 1.76 1.72 1.68 1.64 1.6 1.56 1.52 1.48 1.44 1.4 1.36 1.32 1.28 1.24 1.2 1.16 1.12 1.08 1.04 1. 0.96 0.92 0.88 0.84 0.8 0.76 0.72 0.68 0.64 0.6 0.56 0.52 0.48 0.44 0.4 0.36 0.32 0.28 0.24 0.2 0.16 0.12 0.08 0.04 0. -0.04 -0.08 -0.12 -0.16
-90.28 3.68 3.64 3.6 3.56 3.52 3.48 3.44 3.4 3.36 3.32 3.28 3.24 3.2 3.16 3.12 3.08 3.04 3. 2.96 2.92 2.88 2.84 2.8 2.76 2.72 2.68 2.64 2.6 2.56 2.52 2.48 2.44 2.4 2.36 2.32 2.28 2.24 2.2 2.16 2.12 2.08 2.04 2. 1.96 1.76 1.72 1.68 1.64 1.6 1.56 1.52 1.48 1.44 1.4 1.36 1.32 1.28 1.24 1.2 1.16 1.12 1.08 1.04 1. 0.96 0.92 0.88 0.84 0.8 0.76 0.72 0.68 0.64 0.6 0.56 0.52 0.48 0.44 0.4 0.36 0.32 0.28 0.24 0.2 0.16 0.12 0.08 0.04 0. -0.04 -0.08 -0.12 -0.16 -0.2
-88.36 3.6 3.56 3.52 3.48 3.44 3.4 3.36 3.32 3.28 3.24 3.2 3.16 3.12 3.08 3.04 3. 2.96 2.92 2.88 2.84 2.8 2.76 2.72 2.68 2.64 2.6 2.56 2.52 2.48 2.44 2.4 2.36 2.32 2.28 2.24 2.2 2.16 2.12 2.08 2.04 2. 1.96 1.92 1.72 1.68 1.64 1.6 1.56 1.52 1.48 1.44 1.4 1.36 1.32 1.28 1.24 1.2 1.16 1.12 1.08 1.04 1. 0.96 0.92 0.88 0.84 0.8 0.76 0.72 0.68 0.64 0.6 0.56 0.52 0.48 0.44 0.4 0.36 0.32 0.28 0.24 0.2 0.16 0.12 0.08 0.04 0. -0.04 -0.08 -0.12 -0.16 -0.2 -0.24
-86.44 3.52 3.48 3.44 3.4 3.36 3.32 3.28 3.24 3.2 3.16 3.12 3.08 3.04 3. 2.96 2.92 2.88 2.84 2.8 2.76 2.72 2.68 2.64 2.6 2.56 2.52 2.48 2.44 2.4 2.36 2.32 2.28 2.24 2.2 2.16 2.12 2.08 2.04 2. 1.96 1.92 1.88 1.68 1.64 1.6 1.56 1.52 1.48 1.44 1.4 1.36 1.32 1.28 1.24 1.2 1.16 1.12 1.08 1.04 1. 0.96 0.92 0.88 0.84 0.8 0.76 0.72 0.68 0.64 0.6 0.56 0.52 0.48 0.44 0.4 0.36 0.32 0.28 0.24 0.2 0.16 0.12 0.08 0.04 0. -0.04 -0.08 -0.12 -0.16 -0.2 -0.24 -0.28
-84.52 3.44 3.4 3.36 3.32 3.28 3.24 3.2 3.16 3.12 3.08 3.04 3. 2.96 2.92 2.88 2.84 2.8 2.76 2.72 2.68 2.64 2.6 2.56 2.52 2.48 2.44 2.4 2.36 2.32 2.28 2.24 2.2 2.16 2.12 2.08 2.04 2. 1.96 1.92 1.88 1.84 1.64 1.6 1.56 1.52 1.48 1.44 1.4 1.36 1.32 1.28 1.24 1.2 1.16 1.12 1.08 1.04 1. 0.96 0.92 0.88 0.84 0.8 0.76 0.72 0.68 0.64 0.6 0.56 0.52 0.48 0.44 0.4 0.36 0.32 0.28 0.24 0.2 0.16 0.12 0.08 0.04 0. -0.04 -0.08 -0.12 -0.16 -0.2 -0.24 -0.28 -0.32
-82.6 3.36 3.32 3.28 3.24 3.2 3.16 3.12 3.08 3.04 3. 2.96 2.92 2.88 2.84 2.8 2.76 2.72 2.68 2.64 2.6 2.56 2.52 2.48 2.44 2.4 2.36 2.32 2.28 2.24 2.2 2.16 2.12 2.08 2.04 2. 1.96 1.92 1.88 1.84 1.8 1.6 1.56 1.52 1.48 1.44 1.4 1.36 1.32 1.28 1.24 1.2 1.16 1.12 1.08 1.04 1. 0.96 0.92 0.88 0.84 0.8 0.76 0.72 0.68 0.64 0.6 0.56 0.52 0.48 0.44 0.4 0.36 0.32 0.28 0.24 0.2 0.16 0.12 0.08 0.04 0. -0.04 -0.08 -0.12 -0.16 -0.2 -0.24 -0.28 -0.32 -0.36
-80.68 3.28 3.24 3.2 3.16 3.12 3.08 3.04 3. 2.96 2.92 2.88 2.84 2.8 2.76 2.72 2.68 2.64 2.6 2.56 2.52 2.48 2.44 2.4 2.36 2.32 2.28 2.24 2.2 2.16 2.12 2.08 2.04 2. 1.96 1.92 1.88 1.84 1.8 1.76 1.56 1.52 1.48 1.44 1.4 1.36 1.32 1.28 1.24 1.2 1.16 1.12 1.08 1.04 1. 0.96 0.92 0.88 0.84 0.8 0.76 0.72 0.68 0.64 0.6 0.56 0.52 0.48 0.44 0.4 0.36 0.32 0.28 0.24 0.2 0.16 0.12 0.08 0.04 0. -0.04 -0.08 -0.12 -0.16 -0.2 -0.24 -0.28 -0.32 -0.36 -0.4
-78.76 3.2 3.16 3.12 3.08 3.04 3. 2.96 2.92 2.88 2.84 2.8 2.76 2.72 2.68 2.64 2.6 2.56 2.52 2.48 2.44 2.4 2.36 2.32 2.28 2.24 2.2 2.16 2.12 2.08 2.04 2. 1.96 1.92 1.88 1.84 1.8 1.76 1.72 1.52 1.48 1.44 1.4 1.36 1.32 1.28 1.24 1.2 1.16 1.12 1.08 1.04 1. 0.96 0.92 0.88 0.84 0.8 0.76 0.72 0.68 0.64 0.6 0.56 0.52 0.48 0.44 0.4 0.36 0.32 0.28 0.24 0.2 0.16 0.12 0.08 0.04 0. -0.04 -0.08 -0.12 -0.16 -0.2 -0.24 -0.28 -0.32 -0.36 -0.4 -0.44
-76.84 3.12 3.08 3.04 3. 2.96 2.92 2.88 2.84 2.8 2.76 2.72 2.68 2.64 2.6 2.56 2.52 2.48 2.44 2.4 2.36 2.32 2.28 2.24 2.2 2.16 2.12 2.08 2.04 2. 1.96 1.92 1.88 1.84 1.8 1.76 1.72 1.68 1.48 1.44 1.4 1.36 1.32 1.28 1.24 1.2 1.16 1.12 1.08 1.04 1. 0.96 0.92 0.88 0.84 0.8 0.76 0.72 0.68 0.64 0.6 0.56 0.52 0.48 0.44 0.4 0.36 0.32 0.28 0.24 0.2 0.16 0.12 0.08 0.04 0. -0.04 -0.08 -0.12 -0.16 -0.2 -0.24 -0.28 -0.32 -0.36 -0.4 -0.44 -0.48
-74.92 3.04 3. 2.96 2.92 2.88 2.84 2.8 2.76 2.72 2.68 2.64 2.6 2.56 2.52 2.48 2.44 2.4 2.36 2.32 2.28 2.24 2.2 2.16 2.12 2.08 2.04 2. 1.96 1.92 1.88 1.84 1.8 1.76 1.72 1.68 1.64 1.44 1.4 1.36 1.32 1.28 1.24 1.2 1.16 1.12 1.08 1.04 1. 0.96 0.92 0.88 0.84 0.8 0.76 0.72 0.68 0.64 0.6 0.56 0.52 0.48 0.44 0.4 0.36 0.32 0.28 0.24 0.2 0.16 0.12 0.08 0.04 0. -0.04 -0.08 -0.12 -0.16 -0.2 -0.24 -0.28 -0.32 -0.36 -0.4 -0.44 -0.48 -0.52
-73. 2.96 2.92 2.88 2.84 2.8 2.76 2.72 2.68 2.64 2.6 2.56 2.52 2.48 2.44 2.4 2.36 2.32 2.28 2.24 2.2 2.16 2.12 2.08 2.04 2. 1.96 1.92 1.88 1.84 1.8 1.76 1.72 1.68 1.64 1.6 1.4 1.36 1.32 1.28 1.24 1.2 1.16 1.12 1.08 1.04 1. 0.96 0.92 0.88 0.84 0.8 0.76 0.72 0.68 0.64 0.6 0.56 0.52 0.48 0.44 0.4 0.36 0.32 0.28 0.24 0.2 0.16 0.12 0.08 0.04 0. -0.04 -0.08 -0.12 -0.16 -0.2 -0.24 -0.28 -0.32 -0.36 -0.4 -0.44 -0.48 -0.52 -0.56
-71.08 2.88 2.84 2.8 2.76 2.72 2.68 2.64 2.6 2.56 2.52 2.48 2.44 2.4 2.36 2.32 2.28 2.24 2.2 2.16 2.12 2.08 2.04 2. 1.96 1.92 1.88 1.84 1.8 1.76 1.72 1.68 1.64 1.6 1.56 1.36 1.32 1.28 1.24 1.2 1.16 1.12 1.08 1.04 1. 0.96 0.92 0.88 0.84 0.8 0.76 0.72 0.68 0.64 0.6 0.56 0.52 0.48 0.44 0.4 0.36 0.32 0.28 0.24 0.2 0.16 0.12 0.08 0.04 0. -0.04 -0.08 -0.12 -0.16 -0.2 -0.24 -0.28 -0.32 -0.36 -0.4 -0.44 -0.48 -0.52 -0.56 -0.6
-69.16 2.8 2.76 2.72 2.68 2.64 2.6 2.56 2.52 2.48 2.44 2.4 2.36 2.32 2.28 2.24 2.2 2.16 2.12 2.08 2.04 2. 1.96 1.92 1.88 1.84 1.8 1.76 1.72 1.68 1.64 1.6 1.56 1.52 1.32 1.28 1.24 1.2 1.16 1.12 1.08 1.04 1. 0.96 0.92 0.88 0.84 0.8 0.76 0.72 0.68 0.64 0.6 0.56 0.52 0.48 0.44 0.4 0.36 0.32 0.28 0.24 0.2 0.16 0.12 0.08 0.04 0. -0.04 -0.08 -0.12 -0.16 -0.2 -0.24 -0.28 -0.32 -0.36 -0.4 -0.44 -0.48 -0.52 -0.56 -0.6 -0.64
-67.24 2.72 2.68 2.64 2.6 2.56 2.52 2.48 2.44 2.4 2.36 2.32 2.28 2.24 2.2 2.16 2.12 2.08 2.04 2. 1.96 1.92 1.88 1.84 1.8 1.76 1.72 1.68 1.64 1.6 1.56 1.52 1.48 1.28 1.24 1.2 1.16 1.12 1.08 1.04 1. 0.96 0.92 0.88 0.84 0.8 0.76 0.72 0.68 0.64 0.6 0.56 0.52 0.48 0.44 0.4 0.36 0.32 0.28 0.24 0.2 0.16 0.12 0.08 0.04 0. -0.04 -0.08 -0.12 -0.16 -0.2 -0.24 -0.28 -0.32 -0.36 -0.4 -0.44 -0.48 -0.52 -0.56 -0.6 -0.64 -0.68
-65.32 2.64 2.6 2.56 2.52 2.48 2.44 2.4 2.36 2.32 2.28 2.24 2.2 2.16 2.12 2.08 2.04 2. 1.96 1.92 1.88 1.84 1.8 1.76 1.72 1.68 1.64 1.6 1.56 1.52 1.48 1.44 1.24 1.2 1.16 1.12 1.08 1.04 1. 0.96 0.92 0.88 0.84 0.8 0.76 0.72 0.68 0.64 0.6 0.56 0.52 0.48 0.44 0.4 0.36 0.32 0.28 0.24 0.2 0.16 0.12 0.08 0.04 0. -0.04 -0.08 -0.12 -0.16 -0.2 -0.24 -0.28 -0.32 -0.36 -0.4 -0.44 -0.48 -0.52 -0.56 -0.6 -0.64 -0.68 -0.72
-63.4 2.56 2.52 2.48 2.44 2.4 2.36 2.32 2.28 2.24 2.2 2.16 2.12 2.08 2.04 2. 1.96 1.92 1.88 1.84 1.8 1.76 1.72 1.68 1.64 1.6 1.56 1.52 1.48 1.44 1.4 1.2 1.16 1.12 1.08 1.04 1. 0.96 0.92 0.88 0.84 0.8 0.76 0.72 0.68 0.64 0.6 0.56 0.52 0.48 0.44 0.4 0.36 0.32 0.28 0.24 0.2 0.16 0.12 0.08 0.04 0. -0.04 -0.08 -0.12 -0.16 -0.2 -0.24 -0.28 -0.32 -0.36 -0.4 -0.44 -0.48 -0.52 -0.56 -0.6 -0.64 -0.68 -0.72 -0.76
-61.48 2.48 2.44 2.4 2.36 2.32 2.28 2.24 2.2 2.16 2.12 2.08 2.04 2. 1.96 1.92 1.88 1.84 1.8 1.76 1.72 1.68 1.64 1.6 1.56 1.52 1.48 1.44 1.4 1.36 1.16 1.12 1.08 1.04 1. 0.96 0.92 0.88 0.84 0.8 0.76 0.72 0.68 0.64 0.6 0.56 0.52 0.48 0.44 0.4 0.36 0.32 0.28 0.24 0.2 0.16 0.12 0.08 0.04 0. -0.04 -0.08 -0.12 -0.16 -0.2 -0.24 -0.28 -0.32 -0.36 -0.4 -0.44 -0.48 -0.52 -0.56 -0.6 -0.64 -0.68 -0.72 -0.76 -0.8
-59.56 2.4 2.36 2.32 2.28 2.24 2.2 2.16 2.12 2.08 2.04 2. 1.96 1.92 1.88 1.84 1.8 1.76 1.72 1.68 1.64 1.6 1.56 1.52 1.48 1.44 1.4 1.36 1.32 1.12 1.08 1.04 1. 0.96 0.92 0.88 0.84 0.8 0.76 0.72 0.68 0.64 0.6 0.56 0.52 0.48 0.44 0.4 0.36 0.32 0.28 0.24 0.2 0.16 0.12 0.08 0.04 0. -0.04 -0.08 -0.12 -0.16 -0.2 -0.24 -0.28 -0.32 -0.36 -0.4 -0.44 -0.48 -0.52 -0.56 -0.6 -0.64 -0.68 -0.72 -0.76 -0.8 -0.84
-57.64 2.32 2.28 2.24 2.2 2.16 2.12 2.08 2.04 2. 1.96 1.92 1.88 1.84 1.8 1.76 1.72 1.68 1.64 1.6 1.56 1.52 1.48 1.44 1.4 1.36 1.32 1.28 1.08 1.04 1. 0.96 0.92 0.88 0.84 0.8 0.76 0.72 0.68 0.64 0.6 0.56 0.52 0.48 0.44 0.4 0.36 0.32 0.28 0.24 0.2 0.16 0.12 0.08 0.04 0. -0.04 -0.08 -0.12 -0.16 -0.2 -0.24 -0.28 -0.32 -0.36 -0.4 -0.44 -0.48 -0.52 -0.56 -0.6 -0.64 -0.68 -0.72 -0.76 -0.8 -0.84 -0.88
-55.72 2.24 2.2 2.16 2.12 2.08 2.04 2. 1.96 1.92 1.88 1.84 1.8 1.76 1.72 1.68 1.64 1.6 1.56 1.52 1.48 1.44 1.4 1.36 1.32 1.28 1.24 1.04 1. 0.96 0.92 0.88 0.84 0.8 0.76 0.72 0.68 0.64 0.6 0.56 0.52 0.48 0.44 0.4 0.36 0.32 0.28 0.24 0.2 0.16 0.12 0.08 0.04 0. -0.04 -0.08 -0.12 -0.16 -0.2 -0.24 -0.28 -0.32 -0.36 -0.4 -0.44 -0.48 -0.52 -0.56 -0.6 -0.64 -0.68 -0.72 -0.76 -0.8 -0.84 -0.88 -0.92
-53.8 2.16 2.12 2.08 2.04 2. 1.96 1.92 1.88 1.84 1.8 1.76 1.72 1.68 1.64 1.6 1.56 1.52 1.48 1.44 1.4 1.36 1.32 1.28 1.24 1.2 1. 0.96 0.92 0.88 0.84 0.8 0.76 0.72 0.68 0.64 0.6 0.56 0.52 0.48 0.44 0.4 0.36 0.32 0.28 0.24 0.2 0.16 0.12 0.08 0.04 0. -0.04 -0.08 -0.12 -0.16 -0.2 -0.24 -0.28 -0.32 -0.36 -0.4 -0.44 -0.48 -0.52 -0.56 -0.6 -0.64 -0.68 -0.72 -0.76 -0.8 -0.84 -0.88 -0.92 -0.96
-51.88 2.08 2.04 2. 1.96 1.92 1.88 1.84 1.8 1.76 1.72 1.68 1.64 1.6 1.56 1.52 1.48 1.44 1.4 1.36 1.32 1.28 1.24 1.2 1.16 0.96 0.92 0.88 0.84 0.8 0.76 0.72 0.68 0.64 0.6 0.56 0.52 0.48 0.44 0.4 0.36 0.32 0.28 0.24 0.2 0.16 0.12 0.08 0.04 0. -0.04 -0.08 -0.12 -0.16 -0.2 -0.24 -0.28 -0.32 -0.36 -0.4 -0.44 -0.48 -0.52 -0.56 -0.6 -0.64 -0.68 -0.72 -0.76 -0.8 -0.84 -0.88 -0.92 -0.96 -1.
-49.96 2. 1.96 1.92 1.88 1.84 1.8 1.76 1.72 1.68 1.64 1.6 1.56 1.52 1.48 1.44 1.4 1.36 1.32 1.28 1.24 1.2 1.16 1.12 0.92 0.88 0.84 0.8 0.76 0.72 0.68 0.64 0.6 0.56 0.52 0.48 0.44 0.4 0.36 0.32 0.28 0.24 0.2 0.16 0.12 0.08 0.04 0. -0.04 -0.08 -0.12 -0.16 -0.2 -0.24 -0.28 -0.32 -0.36 -0.4 -0.44 -0.48 -0.52 -0.56 -0.6 -0.64 -0.68 -0.72 -0.76 -0.8 -0.84 -0.88 -0.92 -0.96 -1. -1.04
-48.04 1.92 1.88 1.84 1.8 1.76 1.72 1.68 1.64 1.6 1.56 1.52 1.48 1.44 1.4 1.36 1.32 1.28 1.24 1.2 1.16 1.12 1.08 0.88 0.84 0.8 0.76 0.72 0.68 0.64 0.6 0.56 0.52 0.48 0.44 0.4 0.36 0.32 0.28 0.24 0.2 0.16 0.12 0.08 0.04 0. -0.04 -0.08 -0.12 -0.16 -0.2 -0.24 -0.28 -0.32 -0.36 -0.4 -0.44 -0.48 -0.52 -0.56 -0.6 -0.64 -0.68 -0.72 -0.76 -0.8 -0.84 -0.88 -0.92 -0.96 -1. -1.04 -1.08
-46.12 1.84 1.8 1.76 1.72 1.68 1.64 1.6 1.56 1.52 1.48 1.44 1.4 1.36 1.32 1.28 1.24 1.2 1.16 1.12 1.08 1.04 0.84 0.8 0.76 0.72 0.68 0.64 0.6 0.56 0.52 0.48 0.44 0.4 0.36 0.32 0.28 0.24 0.2 0.16 0.12 0.08 0.04 0. -0.04 -0.08 -0.12 -0.16 -0.2 -0.24 -0.28 -0.32 -0.36 -0.4 -0.44 -0.48 -0.52 -0.56 -0.6 -0.64 -0.68 -0.72 -0.76 -0.8 -0.84 -0.88 -0.92 -0.96 -1. -1.04 -1.08 -1.12
-44.2 1.76 1.72 1.68 1.64 1.6 1.56 1.52 1.48 1.44 1.4 1.36 1.32 1.28 1.24 1.2 1.16 1.12 1.08 1.04 1. 0.8 0.76 0.72 0.68 0.64 0.6 0.56 0.52 0.48 0.44 0.4 0.36 0.32 0.28 0.24 0.2 0.16 0.12 0.08 0.04 0. -0.04 -0.08 -0.12 -0.16 -0.2 -0.24 -0.28 -0.32 -0.36 -0.4 -0.44 -0.48 -0.52 -0.56 -0.6 -0.64 -0.68 -0.72 -0.76 -0.8 -0.84 -0.88 -0.92 -0.96 -1. -1.04 -1.08 -1.12 -1.16
-42.28 1.68 1.64 1.6 1.56 1.52 1.48 1.44 1.4 1.36 1.32 1.28 1.24 1.2 1.16 1.12 1.08 1.04 1. 0.96 0.76 0.72 0.68 0.64 0.6 0.56 0.52 0.48 0.44 0.4 0.36 0.32 0.28 0.24 0.2 0.16 0.12 0.08 0.04 0. -0.04 -0.08 -0.12 -0.16 -0.2 -0.24 -0.28 -0.32 -0.36 -0.4 -0.44 -0.48 -0.52 -0.56 -0.6 -0.64 -0.68 -0.72 -0.76 -0.8 -0.84 -0.88 -0.92 -0.96 -1. -1.04 -1.08 -1.12 -1.16 -1.2
-40.36 1.6 1.56 1.52 1.48 1.44 1.4 1.36 1.32 1.28 1.24 1.2 1.16 1.12 1.08 1.04 1. 0.96 0.92 0.72 0.68 0.64 0.6 0.56 0.52 0.48 0.44 0.4 0.36 0.32 0.28 0.24 0.2 0.16 0.12 0.08 0.04 0. -0.04 -0.08 -0.12 -0.16 -0.2 -0.24 -0.28 -0.32 -0.36 -0.4 -0.44 -0.48 -0.52 -0.56 -0.6 -0.64 -0.68 -0.72 -0.76 -0.8 -0.84 -0.88 -0.92 -0.96 -1. -1.04 -1.08 -1.12 -1.16 -1.2 -1.24
-38.44 1.52 1.48 1.44 1.4 1.36 1.32 1.28 1.24 1.2 1.16 1.12 1.08 1.04 1. 0.96 0.92 0.88 0.68 0.64 0.6 0.56 0.52 0.48 0.44 0.4 0.36 0.32 0.28 0.24 0.2 0.16 0.12 0.08 0.04 0. -0.04 -0.08 -0.12 -0.16 -0.2 -0.24 -0.28 -0.32 -0.36 -0.4 -0.44 -0.48 -0.52 -0.56 -0.6 -0.64 -0.68 -0.72 -0.76 -0.8 -0.84 -0.88 -0.92 -0.96 -1. -1.04 -1.08 -1.12 -1.16 -1.2 -1.24 -1.28
-36.52 1.44 1.4 1.36 1.32 1.28 1.24 1.2 1.16 1.12 1.08 1.04 1. 0.96 0.92 0.88 0.84 0.64 0.6 0.56 0.52 0.48 0.44 0.4 0.36 0.32 0.28 0.24 0.2 0.16 0.12 0.08 0.04 0. -0.04 -0.08 -0.12 -0.16 -0.2 -0.24 -0.28 -0.32 -0.36 -0.4 -0.44 -0.48 -0.52 -0.56 -0.6 -0.64 -0.68 -0.72 -0.76 -0.8 -0.84 -0.88 -0.92 -0.96 -1. -1.04 -1.08 -1.12 -1.16 -1.2 -1.24 -1.28 -1.32
-34.6 1.36 1.32 1.28 1.24 1.2 1.16 1.12 1.08 1.04 1. 0.96 0.92 0.88 0.84 0.8 0.6 0.56 0.52 0.48 0.44 0.4 0.36 0.32 0.28 0.24 0.2 0.16 0.12 0.08 0.04 0. -0.04 -0.08 -0.12 -0.16 -0.2 -0.24 -0.28 -0.32 -0.36 -0.4 -0.44 -0.48 -0.52 -0.56 -0.6 -0.64 -0.68 -0.72 -0.76 -0.8 -0.84 -0.88 -0.92 -0.96 -1. -1.04 -1.08 -1.12 -1.16 -1.2 -1.24 -1.28 -1.32 -1.36
-32.68 1.28 1.24 1.2 1.16 1.12 1.08 1.04 1. 0.96 0.92 0.88 0.84 0.8 0.76 0.56 0.52 0.48 0.44 0.4 0.36 0.32 0.28 0.24 0.2 0.16 0.12 0.08 0.04 0. -0.04 -0.08 -0.12 -0.16 -0.2 -0.24 -0.28 -0.32 -0.36 -0.4 -0.44 -0.48 -0.52 -0.56 -0.6 -0.64 -0.68 -0.72 -0.76 -0.8 -0.84 -0.88 -0.92 -0.96 -1. -1.04 -1.08 -1.12 -1.16 -1.2 -1.24 -1.28 -1.32 -1.36 -1.4
-30.76 1.2 1.16 1.12 1.08 1.04 1. 0.96 0.92 0.88 0.84 0.8 0.76 0.72 0.52 0.48 0.44 0.4 0.36 0.32 0.28 0.24 0.2 0.16 0.12 0.08 0.04 0. -0.04 -0.08 -0.12 -0.16 -0.2 -0.24 -0.28 -0.32 -0.36 -0.4 -0.44 -0.48 -0.52 -0.56 -0.6 -0.64 -0.68 -0.72 -0.76 -0.8 -0.84 -0.88 -0.92 -0.96 -1. -1.04 -1.08 -1.12 -1.16 -1.2 -1.24 -1.28 -1.32 -1.36 -1.4 -1.44
-28.84 1.12 1.08 1.04 1. 0.96 0.92 0.88 0.84 0.8 0.76 0.72 0.68 0.48 0.44 0.4 0.36 0.32 0.28 0.24 0.2 0.16 0.12 0.08 0.04 0. -0.04 -0.08 -0.12 -0.16 -0.2 -0.24 -0.28 -0.32 -0.36 -0.4 -0.44 -0.48 -0.52 -0.56 -0.6 -0.64 -0.68 -0.72 -0.76 -0.8 -0.84 -0.88 -0.92 -0.96 -1. -1.04 -1.08 -1.12 -1.16 -1.2 -1.24 -1.28 -1.32 -1.36 -1.4 -1.44 -1.48
-26.92 1.04 1. 0.96 0.92 0.88 0.84 0.8 0.76 0.72 0.68 0.64 0.44 0.4 0.36 0.32 0.28 0.24 0.2 0.16 0.12 0.08 0.04 0. -0.04 -0.08 -0.12 -0.16 -0.2 -0.24 -0.28 -0.32 -0.36 -0.4 -0.44 -0.48 -0.52 -0.56 -0.6 -0.64 -0.68 -0.72 -0.76 -0.8 -0.84 -0.88 -0.92 -0.96 -1. -1.04 -1.08 -1.12 -1.16 -1.2 -1.24 -1.28 -1.32 -1.36 -1.4 -1.44 -1.48 -1.52
-25. 0.96 0.92 0.88 0.84 0.8 0.76 0.72 0.68 0.64 0.6 0.4 0.36 0.32 0.28 0.24 0.2 0.16 0.12 0.08 0.04 0. -0.04 -0.08 -0.12 -0.16 -0.2 -0.24 -0.28 -0.32 -0.36 -0.4 -0.44 -0.48 -0.52 -0.56 -0.6 -0.64 -0.68 -0.72 -0.76 -0.8 -0.84 -0.88 -0.92 -0.96 -1. -1.04 -1.08 -1.12 -1.16 -1.2 -1.24 -1.28 -1.32 -1.36 -1.4 -1.44 -1.48 -1.52 -1.56
-23.08 0.88 0.84 0.8 0.76 0.72 0.68 0.64 0.6 0.56 0.36 0.32 0.28 0.24 0.2 0.16 0.12 0.08 0.04 0. -0.04 -0.08 -0.12 -0.16 -0.2 -0.24 -0.28 -0.32 -0.36 -0.4 -0.44 -0.48 -0.52 -0.56 -0.6 -0.64 -0.68 -0.72 -0.76 -0.8 -0.84 -0.88 -0.92 -0.96 -1. -1.04 -1.08 -1.12 -1.16 -1.2 -1.24 -1.28 -1.32 -1.36 -1.4 -1.44 -1.48 -1.52 -1.56 -1.6
-21.16 0.8 0.76 0.72 0.68 0.64 0.6 0.56 0.52 0.32 0.28 0.24 0.2 0.16 0.12 0.08 0.04 0. -0.04 -0.08 -0.12 -0.16 -0.2 -0.24 -0.28 -0.32 -0.36 -0.4 -0.44 -0.48 -0.52 -0.56 -0.6 -0.64 -0.68 -0.72 -0.76 -0.8 -0.84 -0.88 -0.92 -0.96 -1. -1.04 -1.08 -1.12 -1.16 -1.2 -1.24 -1.28 -1.32 -1.36 -1.4 -1.44 -1.48 -1.52 -1.56 -1.6 -1.64
-19.24 0.72 0.68 0.64 0.6 0.56 0.52 0.48 0.28 0.24 0.2 0.16 0.12 0.08 0.04 0. -0.04 -0.08 -0.12 -0.16 -0.2 -0.24 -0.28 -0.32 -0.36 -0.4 -0.44 -0.48 -0.52 -0.56 -0.6 -0.64 -0.68 -0.72 -0.76 -0.8 -0.84 -0.88 -0.92 -0.96 -1. -1.04 -1.08 -1.12 -1.16 -1.2 -1.24 -1.28 -1.32 -1.36 -1.4 -1.44 -1.48 -1.52 -1.56 -1.6 -1.64 -1.68
-17.32 0.64 0.6 0.56 0.52 0.48 0.44 0.24 0.2 0.16 0.12 0.08 0.04 0. -0.04 -0.08 -0.12 -0.16 -0.2 -0.24 -0.28 -0.32 -0.36 -0.4 -0.44 -0.48 -0.52 -0.56 -0.6 -0.64 -0.68 -0.72 -0.76 -0.8 -0.84 -0.88 -0.92 -0.96 -1. -1.04 -1.08 -1.12 -1.16 -1.2 -1.24 -1.28 -1.32 -1.36 -1.4 -1.44 -1.48 -1.52 -1.56 -1.6 -1.64 -1.68 -1.72
-15.4 0.56 0.52 0.48 0.44 0.4 0.2 0.16 0.12 0.08 0.04 0. -0.04 -0.08 -0.12 -0.16 -0.2 -0.24 -0.28 -0.32 -0.36 -0.4 -0.44 -0.48 -0.52 -0.56 -0.6 -0.64 -0.68 -0.72 -0.76 -0.8 -0.84 -0.88 -0.92 -0.96 -1. -1.04 -1.08 -1.12 -1.16 -1.2 -1.24 -1.28 -1.32 -1.36 -1.4 -1.44 -1.48 -1.52 -1.56 -1.6 -1.64 -1.68 -1.72 -1.76
-13.48 0.48 0.44 0.4 0.36 0.16 0.12 0.08 0.04 0. -0.04 -0.08 -0.12 -0.16 -0.2 -0.24 -0.28 -0.32 -0.36 -0.4 -0.44 -0.48 -0.52 -0.56 -0.6 -0.64 -0.68 -0.72 -0.76 -0.8 -0.84 -0.88 -0.92 -0.96 -1. -1.04 -1.08 -1.12 -1.16 -1.2 -1.24 -1.28 -1.32 -1.36 -1.4 -1.44 -1.48 -1.52 -1.56 -1.6 -1.64 -1.68 -1.72 -1.76 -1.8
-11.56 0.4 0.36 0.32 0.12 0.08 0.04 0. -0.04 -0.08 -0.12 -0.16 -0.2 -0.24 -0.28 -0.32 -0.36 -0.4 -0.44 -0.48 -0.52 -0.56 -0.6 -0.64 -0.68 -0.72 -0.76 -0.8 -0.84 -0.88 -0.92 -0.96 -1. -1.04 -1.08 -1.12 -1.16 -1.2 -1.24 -1.28 -1.32 -1.36 -1.4 -1.44 -1.48 -1.52 -1.56 -1.6 -1.64 -1.68 -1.72 -1.76 -1.8 -1.84
-9.64 0.32 0.28 0.08 0.04 0. -0.04 -0.08 -0.12 -0.16 -0.2 -0.24 -0.28 -0.32 -0.36 -0.4 -0.44 -0.48 -0.52 -0.56 -0.6 -0.64 -0.68 -0.72 -0.76 -0.8 -0.84 -0.88 -0.92 -0.96 -1. -1.04 -1.08 -1.12 -1.16 -1.2 -1.24 -1.28 -1.32 -1.36 -1.4 -1.44 -1.48 -1.52 -1.56 -1.6 -1.64 -1.68 -1.72 -1.76 -1.8 -1.84 -1.88
-7.72 0.24 0.04 0. -0.04 -0.08 -0.12 -0.16 -0.2 -0.24 -0.28 -0.32 -0.36 -0.4 -0.44 -0.48 -0.52 -0.56 -0.6 -0.64 -0.68 -0.72 -0.76 -0.8 -0.84 -0.88 -0.92 -0.96 -1. -1.04 -1.08 -1.12 -1.16 -1.2 -1.24 -1.28 -1.32 -1.36 -1.4 -1.44 -1.48 -1.52 -1.56 -1.6 -1.64 -1.68 -1.72 -1.76 -1.8 -1.84 -1.88 -1.92
-5.8 0. -0.04 -0.08 -0.12 -0.16 -0.2 -0.24 -0.28 -0.32 -0.36 -0.4 -0.44 -0.48 -0.52 -0.56 -0.6 -0.64 -0.68 -0.72 -0.76 -0.8 -0.84 -0.88 -0.92 -0.96 -1. -1.04 -1.08 -1.12 -1.16 -1.2 -1.24 -1.28 -1.32 -1.36 -1.4 -1.44 -1.48 -1.52 -1.56 -1.6 -1.64 -1.68 -1.72 -1.76 -1.8 -1.84 -1.88 -1.92 -1.96
3.8 -0.24 -0.28 -0.32 -0.36 -0.4 -0.44 -0.48 -0.52 -0.56 -0.6 -0.64 -0.68 -0.72 -0.76 -0.8 -0.84 -0.88 -0.92 -0.96 -1. -1.04 -1.08 -1.12 -1.16 -1.2 -1.24 -1.28 -1.32 -1.36 -1.4 -1.44 -1.48 -1.52 -1.56 -1.6 -1.64 -1.68 -1.72 -1.76 -1.8 -1.84 -1.88 -1.92 -1.96 -2. -2.04 -2.08 -2.12 -2.16
5.72 -0.32 -0.36 -0.4 -0.44 -0.48 -0.52 -0.56 -0.6 -0.64 -0.68 -0.72 -0.76 -0.8 -0.84 -0.88 -0.92 -0.96 -1. -1.04 -1.08 -1.12 -1.16 -1.2 -1.24 -1.28 -1.32 -1.36 -1.4 -1.44 -1.48 -1.52 -1.56 -1.6 -1.64 -1.68 -1.72 -1.76 -1.8 -1.84 -1.88 -1.92 -1.96 -2. -2.04 -2.08 -2.12 -2.16 -2.2
7.64 -0.4 -0.44 -0.48 -0.52 -0.56 -0.6 -0.64 -0.68 -0.72 -0.76 -0.8 -0.84 -0.88 -0.92 -0.96 -1. -1.04 -1.08 -1.12 -1.16 -1.2 -1.24 -1.28 -1.32 -1.36 -1.4 -1.44 -1.48 -1.52 -1.56 -1.6 -1.64 -1.68 -1.72 -1.76 -1.8 -1.84 -1.88 -1.92 -1.96 -2. -2.04 -2.08 -2.12 -2.16 -2.2 -2.24
9.56 -0.48 -0.52 -0.56 -0.6 -0.64 -0.68 -0.72 -0.76 -0.8 -0.84 -0.88 -0.92 -0.96 -1. -1.04 -1.08 -1.12 -1.16 -1.2 -1.24 -1.28 -1.32 -1.36 -1.4 -1.44 -1.48 -1.52 -1.56 -1.6 -1.64 -1.68 -1.72 -1.76 -1.8 -1.84 -1.88 -1.92 -1.96 -2. -2.04 -2.08 -2.12 -2.16 -2.2 -2.24 -2.28
11.48 -0.56 -0.6 -0.64 -0.68 -0.72 -0.76 -0.8 -0.84 -0.88 -0.92 -0.96 -1. -1.04 -1.08 -1.12 -1.16 -1.2 -1.24 -1.28 -1.32 -1.36 -1.4 -1.44 -1.48 -1.52 -1.56 -1.6 -1.64 -1.68 -1.72 -1.76 -1.8 -1.84 -1.88 -1.92 -1.96 -2. -2.04 -2.08 -2.12 -2.16 -2.2 -2.24 -2.28 -2.32
13.4 -0.64 -0.68 -0.72 -0.76 -0.8 -0.84 -0.88 -0.92 -0.96 -1. -1.04 -1.08 -1.12 -1.16 -1.2 -1.24 -1.28 -1.32 -1.36 -1.4 -1.44 -1.48 -1.52 -1.56 -1.6 -1.64 -1.68 -1.72 -1.76 -1.8 -1.84 -1.88 -1.92 -1.96 -2. -2.04 -2.08 -2.12 -2.16 -2.2 -2.24 -2.28 -2.32 -2.36
15.32 -0.72 -0.76 -0.8 -0.84 -0.88 -0.92 -0.96 -1. -1.04 -1.08 -1.12 -1.16 -1.2 -1.24 -1.28 -1.32 -1.36 -1.4 -1.44 -1.48 -1.52 -1.56 -1.6 -1.64 -1.68 -1.72 -1.76 -1.8 -1.84 -1.88 -1.92 -1.96 -2. -2.04 -2.08 -2.12 -2.16 -2.2 -2.24 -2.28 -2.32 -2.36 -2.4
17.24 -0.8 -0.84 -0.88 -0.92 -0.96 -1. -1.04 -1.08 -1.12 -1.16 -1.2 -1.24 -1.28 -1.32 -1.36 -1.4 -1.44 -1.48 -1.52 -1.56 -1.6 -1.64 -1.68 -1.72 -1.76 -1.8 -1.84 -1.88 -1.92 -1.96 -2. -2.04 -2.08 -2.12 -2.16 -2.2 -2.24 -2.28 -2.32 -2.36 -2.4 -2.44
19.16 -0.88 -0.92 -0.96 -1. -1.04 -1.08 -1.12 -1.16 -1.2 -1.24 -1.28 -1.32 -1.36 -1.4 -1.44 -1.48 -1.52 -1.56 -1.6 -1.64 -1.68 -1.72 -1.76 -1.8 -1.84 -1.88 -1.92 -1.96 -2. -2.04 -2.08 -2.12 -2.16 -2.2 -2.24 -2.28 -2.32 -2.36 -2.4 -2.44 -2.48
21.08 -0.96 -1. -1.04 -1.08 -1.12 -1.16 -1.2 -1.24 -1.28 -1.32 -1.36 -1.4 -1.44 -1.48 -1.52 -1.56 -1.6 -1.64 -1.68 -1.72 -1.76 -1.8 -1.84 -1.88 -1.92 -1.96 -2. -2.04 -2.08 -2.12 -2.16 -2.2 -2.24 -2.28 -2.32 -2.36 -2.4 -2.44 -2.48 -2.52
23. -1.04 -1.08 -1.12 -1.16 -1.2 -1.24 -1.28 -1.32 -1.36 -1.4 -1.44 -1.48 -1.52 -1.56 -1.6 -1.64 -1.68 -1.72 -1.76 -1.8 -1.84 -1.88 -1.92 -1.96 -2. -2.04 -2.08 -2.12 -2.16 -2.2 -2.24 -2.28 -2.32 -2.36 -2.4 -2.44 -2.48 -2.52 -2.56
24.92 -1.12 -1.16 -1.2 -1.24 -1.28 -1.32 -1.36 -1.4 -1.44 -1.48 -1.52 -1.56 -1.6 -1.64 -1.68 -1.72 -1.76 -1.8 -1.84 -1.88 -1.92 -1.96 -2. -2.04 -2.08 -2.12 -2.16 -2.2 -2.24 -2.28 -2.32 -2.36 -2.4 -2.44 -2.48 -2.52 -2.56 -2.6
26.84 -1.2 -1.24 -1.28 -1.32 -1.36 -1.4 -1.44 -1.48 -1.52 -1.56 -1.6 -1.64 -1.68 -1.72 -1.76 -1.8 -1.84 -1.88 -1.92 -1.96 -2. -2.04 -2.08 -2.12 -2.16 -2.2 -2.24 -2.28 -2.32 -2.36 -2.4 -2.44 -2.48 -2.52 -2.56 -2.6 -2.64
28.76 -1.28 -1.32 -1.36 -1.4 -1.44 -1.48 -1.52 -1.56 -1.6 -1.64 -1.68 -1.72 -1.76 -1.8 -1.84 -1.88 -1.92 -1.96 -2. -2.04 -2.08 -2.12 -2.16 -2.2 -2.24 -2.28 -2.32 -2.36 -2.4 -2.44 -2.48 -2.52 -2.56 -2.6 -2.64 -2.68
30.68 -1.36 -1.4 -1.44 -1.48 -1.52 -1.56 -1.6 -1.64 -1.68 -1.72 -1.76 -1.8 -1.84 -1.88 -1.92 -1.96 -2. -2.04 -2.08 -2.12 -2.16 -2.2 -2.24 -2.28 -2.32 -2.36 -2.4 -2.44 -2.48 -2.52 -2.56 -2.6 -2.64 -2.68 -2.72
32.6 -1.44 -1.48 -1.52 -1.56 -1.6 -1.64 -1.68 -1.72 -1.76 -1.8 -1.84 -1.88 -1.92 -1.96 -2. -2.04 -2.08 -2.12 -2.16 -2.2 -2.24 -2.28 -2.32 -2.36 -2.4 -2.44 -2.48 -2.52 -2.56 -2.6 -2.64 -2.68 -2.72 -2.76
34.52 -1.52 -1.56 -1.6 -1.64 -1.68 -1.72 -1.76 -1.8 -1.84 -1.88 -1.92 -1.96 -2. -2.04 -2.08 -2.12 -2.16 -2.2 -2.24 -2.28 -2.32 -2.36 -2.4 -2.44 -2.48 -2.52 -2.56 -2.6 -2.64 -2.68 -2.72 -2.76 -2.8
36.44 -1.6 -1.64 -1.68 -1.72 -1.76 -1.8 -1.84 -1.88 -1.92 -1.96 -2. -2.04 -2.08 -2.12 -2.16 -2.2 -2.24 -2.28 -2.32 -2.36 -2.4 -2.44 -2.48 -2.52 -2.56 -2.6 -2.64 -2.68 -2.72 -2.76 -2.8 -2.84
38.36 -1.68 -1.72 -1.76 -1.8 -1.84 -1.88 -1.92 -1.96 -2. -2.04 -2.08 -2.12 -2.16 -2.2 -2.24 -2.28 -2.32 -2.36 -2.4 -2.44 -2.48 -2.52 -2.56 -2.6 -2.64 -2.68 -2.72 -2.76 -2.8 -2.84 -2.88
40.28 -1.76 -1.8 -1.84 -1.88 -1.92 -1.96 -2. -2.04 -2.08 -2.12 -2.16 -2.2 -2.24 -2.28 -2.32 -2.36 -2.4 -2.44 -2.48 -2.52 -2.56 -2.6 -2.64 -2.68 -2.72 -2.76 -2.8 -2.84 -2.88 -2.92
42.2 -1.84 -1.88 -1.92 -1.96 -2. -2.04 -2.08 -2.12 -2.16 -2.2 -2.24 -2.28 -2.32 -2.36 -2.4 -2.44 -2.48 -2.52 -2.56 -2.6 -2.64 -2.68 -2.72 -2.76 -2.8 -2.84 -2.88 -2.92 -2.96
44.12 -1.92 -1.96 -2. -2.04 -2.08 -2.12 -2.16 -2.2 -2.24 -2.28 -2.32 -2.36 -2.4 -2.44 -2.48 -2.52 -2.56 -2.6 -2.64 -2.68 -2.72 -2.76 -2.8 -2.84 -2.88 -2.92 -2.96 -3.
46.04 -2. -2.04 -2.08 -2.12 -2.16 -2.2 -2.24 -2.28 -2.32 -2.36 -2.4 -2.44 -2.48 -2.52 -2.56 -2.6 -2.64 -2.68 -2.72 -2.76 -2.8 -2.84 -2.88 -2.92 -2.96 -3. -3.04
47.96 -2.08 -2.12 -2.16 -2.2 -2.24 -2.28 -2.32 -2.36 -2.4 -2.44 -2.48 -2.52 -2.56 -2.6 -2.64 -2.68 -2.72 -2.76 -2.8 -2.84 -2.88 -2.92 -2.96 -3. -3.04 -3.08
49.88 -2.16 -2.2 -2.24 -2.28 -2.32 -2.36 -2.4 -2.44 -2.48 -2.52 -2.56 -2.6 -2.64 -2.68 -2.72 -2.76 -2.8 -2.84 -2.88 -2.92 -2.96 -3. -3.04 -3.08 -3.12
51.8 -2.24 -2.28 -2.32 -2.36 -2.4 -2.44 -2.48 -2.52 -2.56 -2.6 -2.64 -2.68 -2.72 -2.76 -2.8 -2.84 -2.88 -2.92 -2.96 -3. -3.04 -3.08 -3.12 -3.16
53.72 -2.32 -2.36 -2.4 -2.44 -2.48 -2.52 -2.56 -2.6 -2.64 -2.68 -2.72 -2.76 -2.8 -2.84 -2.88 -2.92 -2.96 -3. -3.04 -3.08 -3.12 -3.16 -3.2
55.64 -2.4 -2.44 -2.48 -2.52 -2.56 -2.6 -2.64 -2.68 -2.72 -2.76 -2.8 -2.84 -2.88 -2.92 -2.96 -3. -3.04 -3.08 -3.12 -3.16 -3.2 -3.24
57.56 -2.48 -2.52 -2.56 -2.6 -2.64 -2.68 -2.72 -2.76 -2.8 -2.84 -2.88 -2.92 -2.96 -3. -3.04 -3.08 -3.12 -3.16 -3.2 -3.24 -3.28
59.48 -2.56 -2.6 -2.64 -2.68 -2.72 -2.76 -2.8 -2.84 -2.88 -2.92 -2.96 -3. -3.04 -3.08 -3.12 -3.16 -3.2 -3.24 -3.28 -3.32
61.4 -2.64 -2.68 -2.72 -2.76 -2.8 -2.84 -2.88 -2.92 -2.96 -3. -3.04 -3.08 -3.12 -3.16 -3.2 -3.24 -3.28 -3.32 -3.36
63.32 -2.72 -2.76 -2.8 -2.84 -2.88 -2.92 -2.96 -3. -3.04 -3.08 -3.12 -3.16 -3.2 -3.24 -3.28 -3.32 -3.36 -3.4
65.24 -2.8 -2.84 -2.88 -2.92 -2.96 -3. -3.04 -3.08 -3.12 -3.16 -3.2 -3.24 -3.28 -3.32 -3.36 -3.4 -3.44
67.16 -2.88 -2.92 -2.96 -3. -3.04 -3.08 -3.12 -3.16 -3.2 -3.24 -3.28 -3.32 -3.36 -3.4 -3.44 -3.48
69.08 -2.96 -3. -3.04 -3.08 -3.12 -3.16 -3.2 -3.24 -3.28 -3.32 -3.36 -3.4 -3.44 -3.48 -3.52
71. -3.04 -3.08 -3.12 -3.16 -3.2 -3.24 -3.28 -3.32 -3.36 -3.4 -3.44 -3.48 -3.52 -3.56
72.92 -3.12 -3.16 -3.2 -3.24 -3.28 -3.32 -3.36 -3.4 -3.44 -3.48 -3.52 -3.56 -3.6
74.84 -3.2 -3.24 -3.28 -3.32 -3.36 -3.4 -3.44 -3.48 -3.52 -3.56 -3.6 -3.64
76.76 -3.28 -3.32 -3.36 -3.4 -3.44 -3.48 -3.52 -3.56 -3.6 -3.64 -3.68
78.68 -3.36 -3.4 -3.44 -3.48 -3.52 -3.56 -3.6 -3.64 -3.68 -3.72
80.6 -3.44 -3.48 -3.52 -3.56 -3.6 -3.64 -3.68 -3.72 -3.76
82.52 -3.52 -3.56 -3.6 -3.64 -3.68 -3.72 -3.76 -3.8
84.44 -3.6 -3.64 -3.68 -3.72 -3.76 -3.8 -3.84
86.36 -3.68 -3.72 -3.76 -3.8 -3.84 -3.88
88.28 -3.76 -3.8 -3.84 -3.88 -3.92
90.2 -3.84 -3.88 -3.92 -3.96
92.12 -3.92 -3.96 -4.
94.04 -4. -4.04
95.96 -4.08
97.88
0. 102. 0. 98. 0. 94. 0. 90. 0. 86. 0. 82. 0. 78. 0. 74. 0. 70. 0. 66. 0. 62. 0. 58. 0. 54. 0. 50. 0. 46. 0. 42. 0. 38. 0. 34. 0. 30. 0. 26. 0. 22. 0. 18. 0. 14. 0. 10. 0. 6. 0. -6. 0. -10. 0. -14. 0. -18. 0. -22. 0. -26. 0. -30. 0. -34. 0. -38. 0. -42. 0. -46. 0. -50. 0. -54. 0. -58. 0. -62. 0. -66. 0. -70. 0. -74. 0. -78. 0. -82. 0. -86. 0. -90. 0. -94. 0. -98. 0. -102.