100
12.98 1.96 1.94 1.92 1.9 1.88 1.86 1.84 1.82 1.8 1.78 1.76 1.74 1.72 1.7 1.68 1.66 1.64 1.62 1.6 1.58 1.56 1.54 1.52 1.5 1.48 1.46 1.44 1.42 1.4 1.38 1.36 1.34 1.32 1.3 1.28 1.26 1.24 1.22 1.2 1.18 1.16 1.14 1.12 1.1 1.08 1.06 1.04 1.02 1. 0.98 0.96 0.94 0.92 0.9 0.88 0.86 0.84 0.82 0.8 0.78 0.76 0.74 0.72 0.7 0.68 0.66 0.64 0.62 0.6 0.58 0.56 0.54 0.52 0.5 0.48 0.46 0.44 0.42 0.4 0.38 0.36 0.34 0.32 0.3 0.28 0.26 0.24 0.22 0.2 0.18 0.16 0.14 0.12 0.1 0.08 0.06 0.04 0.02 0.
13.94 1.92 1.9 1.88 1.86 1.84 1.82 1.8 1.78 1.76 1.74 1.72 1.7 1.68 1.66 1.64 1.62 1.6 1.58 1.56 1.54 1.52 1.5 1.48 1.46 1.44 1.42 1.4 1.38 1.36 1.34 1.32 1.3 1.28 1.26 1.24 1.22 1.2 1.18 1.16 1.14 1.12 1.1 1.08 1.06 1.04 1.02 1. 0.98 0.96 0.94 0.92 0.9 0.88 0.86 0.84 0.82 0.8 0.78 0.76 0.74 0.72 0.7 0.68 0.66 0.64 0.62 0.6 0.58 0.56 0.54 0.52 0.5 0.48 0.46 0.44 0.42 0.4 0.38 0.36 0.34 0.32 0.3 0.28 0.26 0.24 0.22 0.2 0.18 0.16 0.14 0.12 0.1 0.08 0.06 0.04 0.02 0. -0.02
14.9 1.88 1.86 1.84 1.82 1.8 1.78 1.76 1.74 1.72 1.7 1.68 1.66 1.64 1.62 1.6 1.58 1.56 1.54 1.52 1.5 1.48 1.46 1.44 1.42 1.4 1.38 1.36 1.34 1.32 1.3 1.28 1.26 1.24 1.22 1.2 1.18 1.16 1.14 1.12 1.1 1.08 1.06 1.04 1.02 1. 0.98 0.96 0.94 0.92 0.9 0.88 0.86 0.84 0.82 0.8 0.78 0.76 0.74 0.72 0.7 0.68 0.66 0.64 0.62 0.6 0.58 0.56 0.54 0.52 0.5 0.48 0.46 0.44 0.42 0.4 0.38 0.36 0.34 0.32 0.3 0.28 0.26 0.24 0.22 0.2 0.18 0.16 0.14 0.12 0.1 0.08 0.06 0.04 0.02 0. -0.02 -0.04
15.86 1.84 1.82 1.8 1.78 1.76 1.74 1.72 1.7 1.68 1.66 1.64 1.62 1.6 1.58 1.56 1.54 1.52 1.5 1.48 1.46 1.44 1.42 1.4 1.38 1.36 1.34 1.32 1.3 1.28 1.26 1.24 1.22 1.2 1.18 1.16 1.14 1.12 1.1 1.08 1.06 1.04 1.02 1. 0.98 0.96 0.94 0.92 0.9 0.88 0.86 0.84 0.82 0.8 0.78 0.76 0.74 0.72 0.7 0.68 0.66 0.64 0.62 0.6 0.58 0.56 0.54 0.52 0.5 0.48 0.46 0.44 0.42 0.4 0.38 0.36 0.34 0.32 0.3 0.28 0.26 0.24 0.22 0.2 0.18 0.16 0.14 0.12 0.1 0.08 0.06 0.04 0.02 0. -0.02 -0.04 -0.06
16.82 1.8 1.78 1.76 1.74 1.72 1.7 1.68 1.66 1.64 1.62 1.6 1.58 1.56 1.54 1.52 1.5 1.48 1.46 1.44 1.42 1.4 1.38 1.36 1.34 1.32 1.3 1.28 1.26 1.24 1.22 1.2 1.18 1.16 1.14 1.12 1.1 1.08 1.06 1.04 1.02 1. 0.98 0.96 0.94 0.92 0.9 0.88 0.86 0.84 0.82 0.8 0.78 0.76 0.74 0.72 0.7 0.68 0.66 0.64 0.62 0.6 0.58 0.56 0.54 0.52 0.5 0.48 0.46 0.44 0.42 0.4 0.38 0.36 0.34 0.32 0.3 0.28 0.26 0.24 0.22 0.2 0.18 0.16 0.14 0.12 0.1 0.08 0.06 0.04 0.02 0. -0.02 -0.04 -0.06 -0.08
17.78 1.76 1.74 1.72 1.7 1.68 1.66 1.64 1.62 1.6 1.58 1.56 1.54 1.52 1.5 1.48 1.46 1.44 1.42 1.4 1.38 1.36 1.34 1.32 1.3 1.28 1.26 1.24 1.22 1.2 1.18 1.16 1.14 1.12 1.1 1.08 1.06 1.04 1.02 1. 0.98 0.96 0.94 0.92 0.9 0.88 0.86 0.84 0.82 0.8 0.78 0.76 0.74 0.72 0.7 0.68 0.66 0.64 0.62 0.6 0.58 0.56 0.54 0.52 0.5 0.48 0.46 0.44 0.42 0.4 0.38 0.36 0.34 0.32 0.3 0.28 0.26 0.24 0.22 0.2 0.18 0.16 0.14 0.12 0.1 0.08 0.06 0.04 0.02 0. -0.02 -0.04 -0.06 -0.08 -0.1
18.74 1.72 1.7 1.68 1.66 1.64 1.62 1.6 1.58 1.56 1.54 1.52 1.5 1.48 1.46 1.44 1.42 1.4 1.38 1.36 1.34 1.32 1.3 1.28 1.26 1.24 1.22 1.2 1.18 1.16 1.14 1.12 1.1 1.08 1.06 1.04 1.02 1. 0.98 0.96 0.94 0.92 0.9 0.88 0.86 0.84 0.82 0.8 0.78 0.76 0.74 0.72 0.7 0.68 0.66 0.64 0.62 0.6 0.58 0.56 0.54 0.52 0.5 0.48 0.46 0.44 0.42 0.4 0.38 0.36 0.34 0.32 0.3 0.28 0.26 0.24 0.22 0.2 0.18 0.16 0.14 0.12 0.1 0.08 0.06 0.04 0.02 0. -0.02 -0.04 -0.06 -0.08 -0.1 -0.12
19.7 1.68 1.66 1.64 1.62 1.6 1.58 1.56 1.54 1.52 1.5 1.48 1.46 1.44 1.42 1.4 1.38 1.36 1.34 1.32 1.3 1.28 1.26 1.24 1.22 1.2 1.18 1.16 1.14 1.12 1.1 1.08 1.06 1.04 1.02 1. 0.98 0.96 0.94 0.92 0.9 0.88 0.86 0.84 0.82 0.8 0.78 0.76 0.74 0.72 0.7 0.68 0.66 0.64 0.62 0.6 0.58 0.56 0.54 0.52 0.5 0.48 0.46 0.44 0.42 0.4 0.38 0.36 0.34 0.32 0.3 0.28 0.26 0.24 0.22 0.2 0.18 0.16 0.14 0.12 0.1 0.08 0.06 0.04 0.02 0. -0.02 -0.04 -0.06 -0.08 -0.1 -0.12 -0.14
20.66 1.64 1.62 1.6 1.58 1.56 1.54 1.52 1.5 1.48 1.46 1.44 1.42 1.4 1.38 1.36 1.34 1.32 1.3 1.28 1.26 1.24 1.22 1.2 1.18 1.16 1.14 1.12 1.1 1.08 1.06 1.04 1.02 1. 0.98 0.96 0.94 0.92 0.9 0.88 0.86 0.84 0.82 0.8 0.78 0.76 0.74 0.72 0.7 0.68 0.66 0.64 0.62 0.6 0.58 0.56 0.54 0.52 0.5 0.48 0.46 0.44 0.42 0.4 0.38 0.36 0.34 0.32 0.3 0.28 0.26 0.24 0.22 0.2 0.18 0.16 0.14 0.12 0.1 0.08 0.06 0.04 0.02 0. -0.02 -0.04 -0.06 -0.08 -0.1 -0.12 -0.14 -0.16
21.62 1.6 1.58 1.56 1.54 1.52 1.5 1.48 1.46 1.44 1.42 1.4 1.38 1.36 1.34 1.32 1.3 1.28 1.26 1.24 1.22 1.2 1.18 1.16 1.14 1.12 1.1 1.08 1.06 1.04 1.02 1. 0.98 0.96 0.94 0.92 0.9 0.88 0.86 0.84 0.82 0.8 0.78 0.76 0.74 0.72 0.7 0.68 0.66 0.64 0.62 0.6 0.58 0.56 0.54 0.52 0.5 0.48 0.46 0.44 0.42 0.4 0.38 0.36 0.34 0.32 0.3 0.28 0.26 0.24 0.22 0.2 0.18 0.16 0.14 0.12 0.1 0.08 0.06 0.04 0.02 0. -0.02 -0.04 -0.06 -0.08 -0.1 -0.12 -0.14 -0.16 -0.18
22.58 1.56 1.54 1.52 1.5 1.48 1.46 1.44 1.42 1.4 1.38 1.36 1.34 1.32 1.3 1.28 1.26 1.24 1.22 1.2 1.18 1.16 1.14 1.12 1.1 1.08 1.06 1.04 1.02 1. 0.98 0.96 0.94 0.92 0.9 0.88 0.86 0.84 0.82 0.8 0.78 0.76 0.74 0.72 0.7 0.68 0.66 0.64 0.62 0.6 0.58 0.56 0.54 0.52 0.5 0.48 0.46 0.44 0.42 0.4 0.38 0.36 0.34 0.32 0.3 0.28 0.26 0.24 0.22 0.2 0.18 0.16 0.14 0.12 0.1 0.08 0.06 0.04 0.02 0. -0.02 -0.04 -0.06 -0.08 -0.1 -0.12 -0.14 -0.16 -0.18 -0.2
23.54 1.52 1.5 1.48 1.46 1.44 1.42 1.4 1.38 1.36 1.34 1.32 1.3 1.28 1.26 1.24 1.22 1.2 1.18 1.16 1.14 1.12 1.1 1.08 1.06 1.04 1.02 1. 0.98 0.96 0.94 0.92 0.9 0.88 0.86 0.84 0.82 0.8 0.78 0.76 0.74 0.72 0.7 0.68 0.66 0.64 0.62 0.6 0.58 0.56 0.54 0.52 0.5 0.48 0.46 0.44 0.42 0.4 0.38 0.36 0.34 0.32 0.3 0.28 0.26 0.24 0.22 0.2 0.18 0.16 0.14 0.12 0.1 0.08 0.06 0.04 0.02 0. -0.02 -0.04 -0.06 -0.08 -0.1 -0.12 -0.14 -0.16 -0.18 -0.2 -0.22
24.5 1.48 1.46 1.44 1.42 1.4 1.38 1.36 1.34 1.32 1.3 1.28 1.26 1.24 1.22 1.2 1.18 1.16 1.14 1.12 1.1 1.08 1.06 1.04 1.02 1. 0.98 0.96 0.94 0.92 0.9 0.88 0.86 0.84 0.82 0.8 0.78 0.76 0.74 0.72 0.7 0.68 0.66 0.64 0.62 0.6 0.58 0.56 0.54 0.52 0.5 0.48 0.46 0.44 0.42 0.4 0.38 0.36 0.34 0.32 0.3 0.28 0.26 0.24 0.22 0.2 0.18 0.16 0.14 0.12 0.1 0.08 0.06 0.04 0.02 0. -0.02 -0.04 -0.06 -0.08 -0.1 -0.12 -0.14 -0.16 -0.18 -0.2 -0.22 -0.24
25.46 1.44 1.42 1.4 1.38 1.36 1.34 1.32 1.3 1.28 1.26 1.24 1.22 1.2 1.18 1.16 1.14 1.12 1.1 1.08 1.06 1.04 1.02 1. 0.98 0.96 0.94 0.92 0.9 0.88 0.86 0.84 0.82 0.8 0.78 0.76 0.74 0.72 0.7 0.68 0.66 0.64 0.62 0.6 0.58 0.56 0.54 0.52 0.5 0.48 0.46 0.44 0.42 0.4 0.38 0.36 0.34 0.32 0.3 0.28 0.26 0.24 0.22 0.2 0.18 0.16 0.14 0.12 0.1 0.08 0.06 0.04 0.02 0. -0.02 -0.04 -0.06 -0.08 -0.1 -0.12 -0.14 -0.16 -0.18 -0.2 -0.22 -0.24 -0.26
26.42 1.4 1.38 1.36 1.34 1.32 1.3 1.28 1.26 1.24 1.22 1.2 1.18 1.16 1.14 1.12 1.1 1.08 1.06 1.04 1.02 1. 0.98 0.96 0.94 0.92 0.9 0.88 0.86 0.84 0.82 0.8 0.78 0.76 0.74 0.72 0.7 0.68 0.66 0.64 0.62 0.6 0.58 0.56 0.54 0.52 0.5 0.48 0.46 0.44 0.42 0.4 0.38 0.36 0.34 0.32 0.3 0.28 0.26 0.24 0.22 0.2 0.18 0.16 0.14 0.12 0.1 0.08 0.06 0.04 0.02 0. -0.02 -0.04 -0.06 -0.08 -0.1 -0.12 -0.14 -0.16 -0.18 -0.2 -0.22 -0.24 -0.26 -0.28
27.38 1.36 1.34 1.32 1.3 1.28 1.26 1.24 1.22 1.2 1.18 1.16 1.14 1.12 1.1 1.08 1.06 1.04 1.02 1. 0.98 0.96 0.94 0.92 0.9 0.88 0.86 0.84 0.82 0.8 0.78 0.76 0.74 0.72 0.7 0.68 0.66 0.64 0.62 0.6 0.58 0.56 0.54 0.52 0.5 0.48 0.46 0.44 0.42 0.4 0.38 0.36 0.34 0.32 0.3 0.28 0.26 0.24 0.22 0.2 0.18 0.16 0.14 0.12 0.1 0.08 0.06 0.04 0.02 0. -0.02 -0.04 -0.06 -0.08 -0.1 -0.12 -0.14 -0.16 -0.18 -0.2 -0.22 -0.24 -0.26 -0.28 -0.3
28.34 1.32 1.3 1.28 1.26 1.24 1.22 1.2 1.18 1.16 1.14 1.12 1.1 1.08 1.06 1.04 1.02 1. 0.98 0.96 0.94 0.92 0.9 0.88 0.86 0.84 0.82 0.8 0.78 0.76 0.74 0.72 0.7 0.68 0.66 0.64 0.62 0.6 0.58 0.56 0.54 0.52 0.5 0.48 0.46 0.44 0.42 0.4 0.38 0.36 0.34 0.32 0.3 0.28 0.26 0.24 0.22 0.2 0.18 0.16 0.14 0.12 0.1 0.08 0.06 0.04 0.02 0. -0.02 -0.04 -0.06 -0.08 -0.1 -0.12 -0.14 -0.16 -0.18 -0.2 -0.22 -0.24 -0.26 -0.28 -0.3 -0.32
29.3 1.28 1.26 1.24 1.22 1.2 1.18 1.16 1.14 1.12 1.1 1.08 1.06 1.04 1.02 1. 0.98 0.96 0.94 0.92 0.9 0.88 0.86 0.84 0.82 0.8 0.78 0.76 0.74 0.72 0.7 0.68 0.66 0.64 0.62 0.6 0.58 0.56 0.54 0.52 0.5 0.48 0.46 0.44 0.42 0.4 0.38 0.36 0.34 0.32 0.3 0.28 0.26 0.24 0.22 0.2 0.18 0.16 0.14 0.12 0.1 0.08 0.06 0.04 0.02 0. -0.02 -0.04 -0.06 -0.08 -0.1 -0.12 -0.14 -0.16 -0.18 -0.2 -0.22 -0.24 -0.26 -0.28 -0.3 -0.32 -0.34
30.26 1.24 1.22 1.2 1.18 1.16 1.14 1.12 1.1 1.08 1.06 1.04 1.02 1. 0.98 0.96 0.94 0.92 0.9 0.88 0.86 0.84 0.82 0.8 0.78 0.76 0.74 0.72 0.7 0.68 0.66 0.64 0.62 0.6 0.58 0.56 0.54 0.52 0.5 0.48 0.46 0.44 0.42 0.4 0.38 0.36 0.34 0.32 0.3 0.28 0.26 0.24 0.22 0.2 0.18 0.16 0.14 0.12 0.1 0.08 0.06 0.04 0.02 0. -0.02 -0.04 -0.06 -0.08 -0.1 -0.12 -0.14 -0.16 -0.18 -0.2 -0.22 -0.24 -0.26 -0.28 -0.3 -0.32 -0.34 -0.36
31.22 1.2 1.18 1.16 1.14 1.12 1.1 1.08 1.06 1.04 1.02 1. 0.98 0.96 0.94 0.92 0.9 0.88 0.86 0.84 0.82 0.8 0.78 0.76 0.74 0.72 0.7 0.68 0.66 0.64 0.62 0.6 0.58 0.56 0.54 0.52 0.5 0.48 0.46 0.44 0.42 0.4 0.38 0.36 0.34 0.32 0.3 0.28 0.26 0.24 0.22 0.2 0.18 0.16 0.14 0.12 0.1 0.08 0.06 0.04 0.02 0. -0.02 -0.04 -0.06 -0.08 -0.1 -0.12 -0.14 -0.16 -0.18 -0.2 -0.22 -0.24 -0.26 -0.28 -0.3 -0.32 -0.34 -0.36 -0.38
32.18 1.16 1.14 1.12 1.1 1.08 1.06 1.04 1.02 1. 0.98 0.96 0.94 0.92 0.9 0.88 0.86 0.84 0.82 0.8 0.78 0.76 0.74 0.72 0.7 0.68 0.66 0.64 0.62 0.6 0.58 0.56 0.54 0.52 0.5 0.48 0.46 0.44 0.42 0.4 0.38 0.36 0.34 0.32 0.3 0.28 0.26 0.24 0.22 0.2 0.18 0.16 0.14 0.12 0.1 0.08 0.06 0.04 0.02 0. -0.02 -0.04 -0.06 -0.08 -0.1 -0.12 -0.14 -0.16 -0.18 -0.2 -0.22 -0.24 -0.26 -0.28 -0.3 -0.32 -0.34 -0.36 -0.38 -0.4
33.14 1.12 1.1 1.08 1.06 1.04 1.02 1. 0.98 0.96 0.94 0.92 0.9 0.88 0.86 0.84 0.82 0.8 0.78 0.76 0.74 0.72 0.7 0.68 0.66 0.64 0.62 0.6 0.58 0.56 0.54 0.52 0.5 0.48 0.46 0.44 0.42 0.4 0.38 0.36 0.34 0.32 0.3 0.28 0.26 0.24 0.22 0.2 0.18 0.16 0.14 0.12 0.1 0.08 0.06 0.04 0.02 0. -0.02 -0.04 -0.06 -0.08 -0.1 -0.12 -0.14 -0.16 -0.18 -0.2 -0.22 -0.24 -0.26 -0.28 -0.3 -0.32 -0.34 -0.36 -0.38 -0.4 -0.42
34.1 1.08 1.06 1.04 1.02 1. 0.98 0.96 0.94 0.92 0.9 0.88 0.86 0.84 0.82 0.8 0.78 0.76 0.74 0.72 0.7 0.68 0.66 0.64 0.62 0.6 0.58 0.56 0.54 0.52 0.5 0.48 0.46 0.44 0.42 0.4 0.38 0.36 0.34 0.32 0.3 0.28 0.26 0.24 0.22 0.2 0.18 0.16 0.14 0.12 0.1 0.08 0.06 0.04 0.02 0. -0.02 -0.04 -0.06 -0.08 -0.1 -0.12 -0.14 -0.16 -0.18 -0.2 -0.22 -0.24 -0.26 -0.28 -0.3 -0.32 -0.34 -0.36 -0.38 -0.4 -0.42 -0.44
35.06 1.04 1.02 1. 0.98 0.96 0.94 0.92 0.9 0.88 0.86 0.84 0.82 0.8 0.78 0.76 0.74 0.72 0.7 0.68 0.66 0.64 0.62 0.6 0.58 0.56 0.54 0.52 0.5 0.48 0.46 0.44 0.42 0.4 0.38 0.36 0.34 0.32 0.3 0.28 0.26 0.24 0.22 0.2 0.18 0.16 0.14 0.12 0.1 0.08 0.06 0.04 0.02 0. -0.02 -0.04 -0.06 -0.08 -0.1 -0.12 -0.14 -0.16 -0.18 -0.2 -0.22 -0.24 -0.26 -0.28 -0.3 -0.32 -0.34 -0.36 -0.38 -0.4 -0.42 -0.44 -0.46
36.02 1. 0.98 0.96 0.94 0.92 0.9 0.88 0.86 0.84 0.82 0.8 0.78 0.76 0.74 0.72 0.7 0.68 0.66 0.64 0.62 0.6 0.58 0.56 0.54 0.52 0.5 0.48 0.46 0.44 0.42 0.4 0.38 0.36 0.34 0.32 0.3 0.28 0.26 0.24 0.22 0.2 0.18 0.16 0.14 0.12 0.1 0.08 0.06 0.04 0.02 0. -0.02 -0.04 -0.06 -0.08 -0.1 -0.12 -0.14 -0.16 -0.18 -0.2 -0.22 -0.24 -0.26 -0.28 -0.3 -0.32 -0.34 -0.36 -0.38 -0.4 -0.42 -0.44 -0.46 -0.48
36.98 0.96 0.94 0.92 0.9 0.88 0.86 0.84 0.82 0.8 0.78 0.76 0.74 0.72 0.7 0.68 0.66 0.64 0.62 0.6 0.58 0.56 0.54 0.52 0.5 0.48 0.46 0.44 0.42 0.4 0.38 0.36 0.34 0.32 0.3 0.28 0.26 0.24 0.22 0.2 0.18 0.16 0.14 0.12 0.1 0.08 0.06 0.04 0.02 0. -0.02 -0.04 -0.06 -0.08 -0.1 -0.12 -0.14 -0.16 -0.18 -0.2 -0.22 -0.24 -0.26 -0.28 -0.3 -0.32 -0.34 -0.36 -0.38 -0.4 -0.42 -0.44 -0.46 -0.48 -0.5
37.94 0.92 0.9 0.88 0.86 0.84 0.82 0.8 0.78 0.76 0.74 0.72 0.7 0.68 0.66 0.64 0.62 0.6 0.58 0.56 0.54 0.52 0.5 0.48 0.46 0.44 0.42 0.4 0.38 0.36 0.34 0.32 0.3 0.28 0.26 0.24 0.22 0.2 0.18 0.16 0.14 0.12 0.1 0.08 0.06 0.04 0.02 0. -0.02 -0.04 -0.06 -0.08 -0.1 -0.12 -0.14 -0.16 -0.18 -0.2 -0.22 -0.24 -0.26 -0.28 -0.3 -0.32 -0.34 -0.36 -0.38 -0.4 -0.42 -0.44 -0.46 -0.48 -0.5 -0.52
38.9 0.88 0.86 0.84 0.82 0.8 0.78 0.76 0.74 0.72 0.7 0.68 0.66 0.64 0.62 0.6 0.58 0.56 0.54 0.52 0.5 0.48 0.46 0.44 0.42 0.4 0.38 0.36 0.34 0.32 0.3 0.28 0.26 0.24 0.22 0.2 0.18 0.16 0.14 0.12 0.1 0.08 0.06 0.04 0.02 0. -0.02 -0.04 -0.06 -0.08 -0.1 -0.12 -0.14 -0.16 -0.18 -0.2 -0.22 -0.24 -0.26 -0.28 -0.3 -0.32 -0.34 -0.36 -0.38 -0.4 -0.42 -0.44 -0.46 -0.48 -0.5 -0.52 -0.54
39.86 0.84 0.82 0.8 0.78 0.76 0.74 0.72 0.7 0.68 0.66 0.64 0.62 0.6 0.58 0.56 0.54 0.52 0.5 0.48 0.46 0.44 0.42 0.4 0.38 0.36 0.34 0.32 0.3 0.28 0.26 0.24 0.22 0.2 0.18 0.16 0.14 0.12 0.1 0.08 0.06 0.04 0.02 0. -0.02 -0.04 -0.06 -0.08 -0.1 -0.12 -0.14 -0.16 -0.18 -0.2 -0.22 -0.24 -0.26 -0.28 -0.3 -0.32 -0.34 -0.36 -0.38 -0.4 -0.42 -0.44 -0.46 -0.48 -0.5 -0.52 -0.54 -0.56
40.82 0.8 0.78 0.76 0.74 0.72 0.7 0.68 0.66 0.64 0.62 0.6 0.58 0.56 0.54 0.52 0.5 0.48 0.46 0.44 0.42 0.4 0.38 0.36 0.34 0.32 0.3 0.28 0.26 0.24 0.22 0.2 0.18 0.16 0.14 0.12 0.1 0.08 0.06 0.04 0.02 0. -0.02 -0.04 -0.06 -0.08 -0.1 -0.12 -0.14 -0.16 -0.18 -0.2 -0.22 -0.24 -0.26 -0.28 -0.3 -0.32 -0.34 -0.36 -0.38 -0.4 -0.42 -0.44 -0.46 -0.48 -0.5 -0.52 -0.54 -0.56 -0.58
41.78 0.76 0.74 0.72 0.7 0.68 0.66 0.64 0.62 0.6 0.58 0.56 0.54 0.52 0.5 0.48 0.46 0.44 0.42 0.4 0.38 0.36 0.34 0.32 0.3 0.28 0.26 0.24 0.22 0.2 0.18 0.16 0.14 0.12 0.1 0.08 0.06 0.04 0.02 0. -0.02 -0.04 -0.06 -0.08 -0.1 -0.12 -0.14 -0.16 -0.18 -0.2 -0.22 -0.24 -0.26 -0.28 -0.3 -0.32 -0.34 -0.36 -0.38 -0.4 -0.42 -0.44 -0.46 -0.48 -0.5 -0.52 -0.54 -0.56 -0.58 -0.6
42.74 0.72 0.7 0.68 0.66 0.64 0.62 0.6 0.58 0.56 0.54 0.52 0.5 0.48 0.46 0.44 0.42 0.4 0.38 0.36 0.34 0.32 0.3 0.28 0.26 0.24 0.22 0.2 0.18 0.16 0.14 0.12 0.1 0.08 0.06 0.04 0.02 0. -0.02 -0.04 -0.06 -0.08 -0.1 -0.12 -0.14 -0.16 -0.18 -0.2 -0.22 -0.24 -0.26 -0.28 -0.3 -0.32 -0.34 -0.36 -0.38 -0.4 -0.42 -0.44 -0.46 -0.48 -0.5 -0.52 -0.54 -0.56 -0.58 -0.6 -0.62
43.7 0.68 0.66 0.64 0.62 0.6 0.58 0.56 0.54 0.52 0.5 0.48 0.46 0.44 0.42 0.4 0.38 0.36 0.34 0.32 0.3 0.28 0.26 0.24 0.22 0.2 0.18 0.16 0.14 0.12 0.1 0.08 0.06 0.04 0.02 0. -0.02 -0.04 -0.06 -0.08 -0.1 -0.12 -0.14 -0.16 -0.18 -0.2 -0.22 -0.24 -0.26 -0.28 -0.3 -0.32 -0.34 -0.36 -0.38 -0.4 -0.42 -0.44 -0.46 -0.48 -0.5 -0.52 -0.54 -0.56 -0.58 -0.6 -0.62 -0.64
44.66 0.64 0.62 0.6 0.58 0.56 0.54 0.52 0.5 0.48 0.46 0.44 0.42 0.4 0.38 0.36 0.34 0.32 0.3 0.28 0.26 0.24 0.22 0.2 0.18 0.16 0.14 0.12 0.1 0.08 0.06 0.04 0.02 0. -0.02 -0.04 -0.06 -0.08 -0.1 -0.12 -0.14 -0.16 -0.18 -0.2 -0.22 -0.24 -0.26 -0.28 -0.3 -0.32 -0.34 -0.36 -0.38 -0.4 -0.42 -0.44 -0.46 -0.48 -0.5 -0.52 -0.54 -0.56 -0.58 -0.6 -0.62 -0.64 -0.66
45.62 0.6 0.58 0.56 0.54 0.52 0.5 0.48 0.46 0.44 0.42 0.4 0.38 0.36 0.34 0.32 0.3 0.28 0.26 0.24 0.22 0.2 0.18 0.16 0.14 0.12 0.1 0.08 0.06 0.04 0.02 0. -0.02 -0.04 -0.06 -0.08 -0.1 -0.12 -0.14 -0.16 -0.18 -0.2 -0.22 -0.24 -0.26 -0.28 -0.3 -0.32 -0.34 -0.36 -0.38 -0.4 -0.42 -0.44 -0.46 -0.48 -0.5 -0.52 -0.54 -0.56 -0.58 -0.6 -0.62 -0.64 -0.66 -0.68
46.58 0.56 0.54 0.52 0.5 0.48 0.46 0.44 0.42 0.4 0.38 0.36 0.34 0.32 0.3 0.28 0.26 0.24 0.22 0.2 0.18 0.16 0.14 0.12 0.1 0.08 0.06 0.04 0.02 0. -0.02 -0.04 -0.06 -0.08 -0.1 -0.12 -0.14 -0.16 -0.18 -0.2 -0.22 -0.24 -0.26 -0.28 -0.3 -0.32 -0.34 -0.36 -0.38 -0.4 -0.42 -0.44 -0.46 -0.48 -0.5 -0.52 -0.54 -0.56 -0.58 -0.6 -0.62 -0.64 -0.66 -0.68 -0.7
47.54 0.52 0.5 0.48 0.46 0.44 0.42 0.4 0.38 0.36 0.34 0.32 0.3 0.28 0.26 0.24 0.22 0.2 0.18 0.16 0.14 0.12 0.1 0.08 0.06 0.04 0.02 0. -0.02 -0.04 -0.06 -0.08 -0.1 -0.12 -0.14 -0.16 -0.18 -0.2 -0.22 -0.24 -0.26 -0.28 -0.3 -0.32 -0.34 -0.36 -0.38 -0.4 -0.42 -0.44 -0.46 -0.48 -0.5 -0.52 -0.54 -0.56 -0.58 -0.6 -0.62 -0.64 -0.66 -0.68 -0.7 -0.72
48.5 0.48 0.46 0.44 0.42 0.4 0.38 0.36 0.34 0.32 0.3 0.28 0.26 0.24 0.22 0.2 0.18 0.16 0.14 0.12 0.1 0.08 0.06 0.04 0.02 0. -0.02 -0.04 -0.06 -0.08 -0.1 -0.12 -0.14 -0.16 -0.18 -0.2 -0.22 -0.24 -0.26 -0.28 -0.3 -0.32 -0.34 -0.36 -0.38 -0.4 -0.42 -0.44 -0.46 -0.48 -0.5 -0.52 -0.54 -0.56 -0.58 -0.6 -0.62 -0.64 -0.66 -0.68 -0.7 -0.72 -0.74
49.46 0.44 0.42 0.4 0.38 0.36 0.34 0.32 0.3 0.28 0.26 0.24 0.22 0.2 0.18 0.16 0.14 0.12 0.1 0.08 0.06 0.04 0.02 0. -0.02 -0.04 -0.06 -0.08 -0.1 -0.12 -0.14 -0.16 -0.18 -0.2 -0.22 -0.24 -0.26 -0.28 -0.3 -0.32 -0.34 -0.36 -0.38 -0.4 -0.42 -0.44 -0.46 -0.48 -0.5 -0.52 -0.54 -0.56 -0.58 -0.6 -0.62 -0.64 -0.66 -0.68 -0.7 -0.72 -0.74 -0.76
50.42 0.4 0.38 0.36 0.34 0.32 0.3 0.28 0.26 0.24 0.22 0.2 0.18 0.16 0.14 0.12 0.1 0.08 0.06 0.04 0.02 0. -0.02 -0.04 -0.06 -0.08 -0.1 -0.12 -0.14 -0.16 -0.18 -0.2 -0.22 -0.24 -0.26 -0.28 -0.3 -0.32 -0.34 -0.36 -0.38 -0.4 -0.42 -0.44 -0.46 -0.48 -0.5 -0.52 -0.54 -0.56 -0.58 -0.6 -0.62 -0.64 -0.66 -0.68 -0.7 -0.72 -0.74 -0.76 -0.78
51.38 0.36 0.34 0.32 0.3 0.28 0.26 0.24 0.22 0.2 0.18 0.16 0.14 0.12 0.1 0.08 0.06 0.04 0.02 0. -0.02 -0.04 -0.06 -0.08 -0.1 -0.12 -0.14 -0.16 -0.18 -0.2 -0.22 -0.24 -0.26 -0.28 -0.3 -0.32 -0.34 -0.36 -0.38 -0.4 -0.42 -0.44 -0.46 -0.48 -0.5 -0.52 -0.54 -0.56 -0.58 -0.6 -0.62 -0.64 -0.66 -0.68 -0.7 -0.72 -0.74 -0.76 -0.78 -0.8
52.34 0.32 0.3 0.28 0.26 0.24 0.22 0.2 0.18 0.16 0.14 0.12 0.1 0.08 0.06 0.04 0.02 0. -0.02 -0.04 -0.06 -0.08 -0.1 -0.12 -0.14 -0.16 -0.18 -0.2 -0.22 -0.24 -0.26 -0.28 -0.3 -0.32 -0.34 -0.36 -0.38 -0.4 -0.42 -0.44 -0.46 -0.48 -0.5 -0.52 -0.54 -0.56 -0.58 -0.6 -0.62 -0.64 -0.66 -0.68 -0.7 -0.72 -0.74 -0.76 -0.78 -0.8 -0.82
53.3 0.28 0.26 0.24 0.22 0.2 0.18 0.16 0.14 0.12 0.1 0.08 0.06 0.04 0.02 0. -0.02 -0.04 -0.06 -0.08 -0.1 -0.12 -0.14 -0.16 -0.18 -0.2 -0.22 -0.24 -0.26 -0.28 -0.3 -0.32 -0.34 -0.36 -0.38 -0.4 -0.42 -0.44 -0.46 -0.48 -0.5 -0.52 -0.54 -0.56 -0.58 -0.6 -0.62 -0.64 -0.66 -0.68 -0.7 -0.72 -0.74 -0.76 -0.78 -0.8 -0.82 -0.84
54.26 0.24 0.22 0.2 0.18 0.16 0.14 0.12 0.1 0.08 0.06 0.04 0.02 0. -0.02 -0.04 -0.06 -0.08 -0.1 -0.12 -0.14 -0.16 -0.18 -0.2 -0.22 -0.24 -0.26 -0.28 -0.3 -0.32 -0.34 -0.36 -0.38 -0.4 -0.42 -0.44 -0.46 -0.48 -0.5 -0.52 -0.54 -0.56 -0.58 -0.6 -0.62 -0.64 -0.66 -0.68 -0.7 -0.72 -0.74 -0.76 -0.78 -0.8 -0.82 -0.84 -0.86
55.22 0.2 0.18 0.16 0.14 0.12 0.1 0.08 0.06 0.04 0.02 0. -0.02 -0.04 -0.06 -0.08 -0.1 -0.12 -0.14 -0.16 -0.18 -0.2 -0.22 -0.24 -0.26 -0.28 -0.3 -0.32 -0.34 -0.36 -0.38 -0.4 -0.42 -0.44 -0.46 -0.48 -0.5 -0.52 -0.54 -0.56 -0.58 -0.6 -0.62 -0.64 -0.66 -0.68 -0.7 -0.72 -0.74 -0.76 -0.78 -0.8 -0.82 -0.84 -0.86 -0.88
56.18 0.16 0.14 0.12 0.1 0.08 0.06 0.04 0.02 0. -0.02 -0.04 -0.06 -0.08 -0.1 -0.12 -0.14 -0.16 -0.18 -0.2 -0.22 -0.24 -0.26 -0.28 -0.3 -0.32 -0.34 -0.36 -0.38 -0.4 -0.42 -0.44 -0.46 -0.48 -0.5 -0.52 -0.54 -0.56 -0.58 -0.6 -0.62 -0.64 -0.66 -0.68 -0.7 -0.72 -0.74 -0.76 -0.78 -0.8 -0.82 -0.84 -0.86 -0.88 -0.9
57.14 0.12 0.1 0.08 0.06 0.04 0.02 0. -0.02 -0.04 -0.06 -0.08 -0.1 -0.12 -0.14 -0.16 -0.18 -0.2 -0.22 -0.24 -0.26 -0.28 -0.3 -0.32 -0.34 -0.36 -0.38 -0.4 -0.42 -0.44 -0.46 -0.48 -0.5 -0.52 -0.54 -0.56 -0.58 -0.6 -0.62 -0.64 -0.66 -0.68 -0.7 -0.72 -0.74 -0.76 -0.78 -0.8 -0.82 -0.84 -0.86 -0.88 -0.9 -0.92
58.1 0.08 0.06 0.04 0.02 0. -0.02 -0.04 -0.06 -0.08 -0.1 -0.12 -0.14 -0.16 -0.18 -0.2 -0.22 -0.24 -0.26 -0.28 -0.3 -0.32 -0.34 -0.36 -0.38 -0.4 -0.42 -0.44 -0.46 -0.48 -0.5 -0.52 -0.54 -0.56 -0.58 -0.6 -0.62 -0.64 -0.66 -0.68 -0.7 -0.72 -0.74 -0.76 -0.78 -0.8 -0.82 -0.84 -0.86 -0.88 -0.9 -0.92 -0.94
59.06 0.04 0.02 0. -0.02 -0.04 -0.06 -0.08 -0.1 -0.12 -0.14 -0.16 -0.18 -0.2 -0.22 -0.24 -0.26 -0.28 -0.3 -0.32 -0.34 -0.36 -0.38 -0.4 -0.42 -0.44 -0.46 -0.48 -0.5 -0.52 -0.54 -0.56 -0.58 -0.6 -0.62 -0.64 -0.66 -0.68 -0.7 -0.72 -0.74 -0.76 -0.78 -0.8 -0.82 -0.84 -0.86 -0.88 -0.9 -0.92 -0.94 -0.96
60.02 0. -0.02 -0.04 -0.06 -0.08 -0.1 -0.12 -0.14 -0.16 -0.18 -0.2 -0.22 -0.24 -0.26 -0.28 -0.3 -0.32 -0.34 -0.36 -0.38 -0.4 -0.42 -0.44 -0.46 -0.48 -0.5 -0.52 -0.54 -0.56 -0.58 -0.6 -0.62 -0.64 -0.66 -0.68 -0.7 -0.72 -0.74 -0.76 -0.78 -0.8 -0.82 -0.84 -0.86 -0.88 -0.9 -0.92 -0.94 -0.96 -0.98
60.98 -0.04 -0.06 -0.08 -0.1 -0.12 -0.14 -0.16 -0.18 -0.2 -0.22 -0.24 -0.26 -0.28 -0.3 -0.32 -0.34 -0.36 -0.38 -0.4 -0.42 -0.44 -0.46 -0.48 -0.5 -0.52 -0.54 -0.56 -0.58 -0.6 -0.62 -0.64 -0.66 -0.68 -0.7 -0.72 -0.74 -0.76 -0.78 -0.8 -0.82 -0.84 -0.86 -0.88 -0.9 -0.92 -0.94 -0.96 -0.98 -1.
61.94 -0.08 -0.1 -0.12 -0.14 -0.16 -0.18 -0.2 -0.22 -0.24 -0.26 -0.28 -0.3 -0.32 -0.34 -0.36 -0.38 -0.4 -0.42 -0.44 -0.46 -0.48 -0.5 -0.52 -0.54 -0.56 -0.58 -0.6 -0.62 -0.64 -0.66 -0.68 -0.7 -0.72 -0.74 -0.76 -0.78 -0.8 -0.82 -0.84 -0.86 -0.88 -0.9 -0.92 -0.94 -0.96 -0.98 -1. -1.02
62.9 -0.12 -0.14 -0.16 -0.18 -0.2 -0.22 -0.24 -0.26 -0.28 -0.3 -0.32 -0.34 -0.36 -0.38 -0.4 -0.42 -0.44 -0.46 -0.48 -0.5 -0.52 -0.54 -0.56 -0.58 -0.6 -0.62 -0.64 -0.66 -0.68 -0.7 -0.72 -0.74 -0.76 -0.78 -0.8 -0.82 -0.84 -0.86 -0.88 -0.9 -0.92 -0.94 -0.96 -0.98 -1. -1.02 -1.04
63.86 -0.16 -0.18 -0.2 -0.22 -0.24 -0.26 -0.28 -0.3 -0.32 -0.34 -0.36 -0.38 -0.4 -0.42 -0.44 -0.46 -0.48 -0.5 -0.52 -0.54 -0.56 -0.58 -0.6 -0.62 -0.64 -0.66 -0.68 -0.7 -0.72 -0.74 -0.76 -0.78 -0.8 -0.82 -0.84 -0.86 -0.88 -0.9 -0.92 -0.94 -0.96 -0.98 -1. -1.02 -1.04 -1.06
64.82 -0.2 -0.22 -0.24 -0.26 -0.28 -0.3 -0.32 -0.34 -0.36 -0.38 -0.4 -0.42 -0.44 -0.46 -0.48 -0.5 -0.52 -0.54 -0.56 -0.58 -0.6 -0.62 -0.64 -0.66 -0.68 -0.7 -0.72 -0.74 -0.76 -0.78 -0.8 -0.82 -0.84 -0.86 -0.88 -0.9 -0.92 -0.94 -0.96 -0.98 -1. -1.02 -1.04 -1.06 -1.08
65.78 -0.24 -0.26 -0.28 -0.3 -0.32 -0.34 -0.36 -0.38 -0.4 -0.42 -0.44 -0.46 -0.48 -0.5 -0.52 -0.54 -0.56 -0.58 -0.6 -0.62 -0.64 -0.66 -0.68 -0.7 -0.72 -0.74 -0.76 -0.78 -0.8 -0.82 -0.84 -0.86 -0.88 -0.9 -0.92 -0.94 -0.96 -0.98 -1. -1.02 -1.04 -1.06 -1.08 -1.1
66.74 -0.28 -0.3 -0.32 -0.34 -0.36 -0.38 -0.4 -0.42 -0.44 -0.46 -0.48 -0.5 -0.52 -0.54 -0.56 -0.58 -0.6 -0.62 -0.64 -0.66 -0.68 -0.7 -0.72 -0.74 -0.76 -0.78 -0.8 -0.82 -0.84 -0.86 -0.88 -0.9 -0.92 -0.94 -0.96 -0.98 -1. -1.02 -1.04 -1.06 -1.08 -1.1 -1.12
67.7 -0.32 -0.34 -0.36 -0.38 -0.4 -0.42 -0.44 -0.46 -0.48 -0.5 -0.52 -0.54 -0.56 -0.58 -0.6 -0.62 -0.64 -0.66 -0.68 -0.7 -0.72 -0.74 -0.76 -0.78 -0.8 -0.82 -0.84 -0.86 -0.88 -0.9 -0.92 -0.94 -0.96 -0.98 -1. -1.02 -1.04 -1.06 -1.08 -1.1 -1.12 -1.14
68.66 -0.36 -0.38 -0.4 -0.42 -0.44 -0.46 -0.48 -0.5 -0.52 -0.54 -0.56 -0.58 -0.6 -0.62 -0.64 -0.66 -0.68 -0.7 -0.72 -0.74 -0.76 -0.78 -0.8 -0.82 -0.84 -0.86 -0.88 -0.9 -0.92 -0.94 -0.96 -0.98 -1. -1.02 -1.04 -1.06 -1.08 -1.1 -1.12 -1.14 -1.16
69.62 -0.4 -0.42 -0.44 -0.46 -0.48 -0.5 -0.52 -0.54 -0.56 -0.58 -0.6 -0.62 -0.64 -0.66 -0.68 -0.7 -0.72 -0.74 -0.76 -0.78 -0.8 -0.82 -0.84 -0.86 -0.88 -0.9 -0.92 -0.94 -0.96 -0.98 -1. -1.02 -1.04 -1.06 -1.08 -1.1 -1.12 -1.14 -1.16 -1.18
70.58 -0.44 -0.46 -0.48 -0.5 -0.52 -0.54 -0.56 -0.58 -0.6 -0.62 -0.64 -0.66 -0.68 -0.7 -0.72 -0.74 -0.76 -0.78 -0.8 -0.82 -0.84 -0.86 -0.88 -0.9 -0.92 -0.94 -0.96 -0.98 -1. -1.02 -1.04 -1.06 -1.08 -1.1 -1.12 -1.14 -1.16 -1.18 -1.2
71.54 -0.48 -0.5 -0.52 -0.54 -0.56 -0.58 -0.6 -0.62 -0.64 -0.66 -0.68 -0.7 -0.72 -0.74 -0.76 -0.78 -0.8 -0.82 -0.84 -0.86 -0.88 -0.9 -0.92 -0.94 -0.96 -0.98 -1. -1.02 -1.04 -1.06 -1.08 -1.1 -1.12 -1.14 -1.16 -1.18 -1.2 -1.22
72.5 -0.52 -0.54 -0.56 -0.58 -0.6 -0.62 -0.64 -0.66 -0.68 -0.7 -0.72 -0.74 -0.76 -0.78 -0.8 -0.82 -0.84 -0.86 -0.88 -0.9 -0.92 -0.94 -0.96 -0.98 -1. -1.02 -1.04 -1.06 -1.08 -1.1 -1.12 -1.14 -1.16 -1.18 -1.2 -1.22 -1.24
73.46 -0.56 -0.58 -0.6 -0.62 -0.64 -0.66 -0.68 -0.7 -0.72 -0.74 -0.76 -0.78 -0.8 -0.82 -0.84 -0.86 -0.88 -0.9 -0.92 -0.94 -0.96 -0.98 -1. -1.02 -1.04 -1.06 -1.08 -1.1 -1.12 -1.14 -1.16 -1.18 -1.2 -1.22 -1.24 -1.26
74.42 -0.6 -0.62 -0.64 -0.66 -0.68 -0.7 -0.72 -0.74 -0.76 -0.78 -0.8 -0.82 -0.84 -0.86 -0.88 -0.9 -0.92 -0.94 -0.96 -0.98 -1. -1.02 -1.04 -1.06 -1.08 -1.1 -1.12 -1.14 -1.16 -1.18 -1.2 -1.22 -1.24 -1.26 -1.28
75.38 -0.64 -0.66 -0.68 -0.7 -0.72 -0.74 -0.76 -0.78 -0.8 -0.82 -0.84 -0.86 -0.88 -0.9 -0.92 -0.94 -0.96 -0.98 -1. -1.02 -1.04 -1.06 -1.08 -1.1 -1.12 -1.14 -1.16 -1.18 -1.2 -1.22 -1.24 -1.26 -1.28 -1.3
76.34 -0.68 -0.7 -0.72 -0.74 -0.76 -0.78 -0.8 -0.82 -0.84 -0.86 -0.88 -0.9 -0.92 -0.94 -0.96 -0.98 -1. -1.02 -1.04 -1.06 -1.08 -1.1 -1.12 -1.14 -1.16 -1.18 -1.2 -1.22 -1.24 -1.26 -1.28 -1.3 -1.32
77.3 -0.72 -0.74 -0.76 -0.78 -0.8 -0.82 -0.84 -0.86 -0.88 -0.9 -0.92 -0.94 -0.96 -0.98 -1. -1.02 -1.04 -1.06 -1.08 -1.1 -1.12 -1.14 -1.16 -1.18 -1.2 -1.22 -1.24 -1.26 -1.28 -1.3 -1.32 -1.34
78.26 -0.76 -0.78 -0.8 -0.82 -0.84 -0.86 -0.88 -0.9 -0.92 -0.94 -0.96 -0.98 -1. -1.02 -1.04 -1.06 -1.08 -1.1 -1.12 -1.14 -1.16 -1.18 -1.2 -1.22 -1.24 -1.26 -1.28 -1.3 -1.32 -1.34 -1.36
79.22 -0.8 -0.82 -0.84 -0.86 -0.88 -0.9 -0.92 -0.94 -0.96 -0.98 -1. -1.02 -1.04 -1.06 -1.08 -1.1 -1.12 -1.14 -1.16 -1.18 -1.2 -1.22 -1.24 -1.26 -1.28 -1.3 -1.32 -1.34 -1.36 -1.38
80.18 -0.84 -0.86 -0.88 -0.9 -0.92 -0.94 -0.96 -0.98 -1. -1.02 -1.04 -1.06 -1.08 -1.1 -1.12 -1.14 -1.16 -1.18 -1.2 -1.22 -1.24 -1.26 -1.28 -1.3 -1.32 -1.34 -1.36 -1.38 -1.4
81.14 -0.88 -0.9 -0.92 -0.94 -0.96 -0.98 -1. -1.02 -1.04 -1.06 -1.08 -1.1 -1.12 -1.14 -1.16 -1.18 -1.2 -1.22 -1.24 -1.26 -1.28 -1.3 -1.32 -1.34 -1.36 -1.38 -1.4 -1.42
82.1 -0.92 -0.94 -0.96 -0.98 -1. -1.02 -1.04 -1.06 -1.08 -1.1 -1.12 -1.14 -1.16 -1.18 -1.2 -1.22 -1.24 -1.26 -1.28 -1.3 -1.32 -1.34 -1.36 -1.38 -1.4 -1.42 -1.44
83.06 -0.96 -0.98 -1. -1.02 -1.04 -1.06 -1.08 -1.1 -1.12 -1.14 -1.16 -1.18 -1.2 -1.22 -1.24 -1.26 -1.28 -1.3 -1.32 -1.34 -1.36 -1.38 -1.4 -1.42 -1.44 -1.46
84.02 -1. -1.02 -1.04 -1.06 -1.08 -1.1 -1.12 -1.14 -1.16 -1.18 -1.2 -1.22 -1.24 -1.26 -1.28 -1.3 -1.32 -1.34 -1.36 -1.38 -1.4 -1.42 -1.44 -1.46 -1.48
84.98 -1.04 -1.06 -1.08 -1.1 -1.12 -1.14 -1.16 -1.18 -1.2 -1.22 -1.24 -1.26 -1.28 -1.3 -1.32 -1.34 -1.36 -1.38 -1.4 -1.42 -1.44 -1.46 -1.48 -1.5
85.94 -1.08 -1.1 -1.12 -1.14 -1.16 -1.18 -1.2 -1.22 -1.24 -1.26 -1.28 -1.3 -1.32 -1.34 -1.36 -1.38 -1.4 -1.42 -1.44 -1.46 -1.48 -1.5 -1.52
86.9 -1.12 -1.14 -1.16 -1.18 -1.2 -1.22 -1.24 -1.26 -1.28 -1.3 -1.32 -1.34 -1.36 -1.38 -1.4 -1.42 -1.44 -1.46 -1.48 -1.5 -1.52 -1.54
87.86 -1.16 -1.18 -1.2 -1.22 -1.24 -1.26 -1.28 -1.3 -1.32 -1.34 -1.36 -1.38 -1.4 -1.42 -1.44 -1.46 -1.48 -1.5 -1.52 -1.54 -1.56
88.82 -1.2 -1.22 -1.24 -1.26 -1.28 -1.3 -1.32 -1.34 -1.36 -1.38 -1.4 -1.42 -1.44 -1.46 -1.48 -1.5 -1.52 -1.54 -1.56 -1.58
89.78 -1.24 -1.26 -1.28 -1.3 -1.32 -1.34 -1.36 -1.38 -1.4 -1.42 -1.44 -1.46 -1.48 -1.5 -1.52 -1.54 -1.56 -1.58 -1.6
90.74 -1.28 -1.3 -1.32 -1.34 -1.36 -1.38 -1.4 -1.42 -1.44 -1.46 -1.48 -1.5 -1.52 -1.54 -1.56 -1.58 -1.6 -1.62
91.7 -1.32 -1.34 -1.36 -1.38 -1.4 -1.42 -1.44 -1.46 -1.48 -1.5 -1.52 -1.54 -1.56 -1.58 -1.6 -1.62 -1.64
92.66 -1.36 -1.38 -1.4 -1.42 -1.44 -1.46 -1.48 -1.5 -1.52 -1.54 -1.56 -1.58 -1.6 -1.62 -1.64 -1.66
93.62 -1.4 -1.42 -1.44 -1.46 -1.48 -1.5 -1.52 -1.54 -1.56 -1.58 -1.6 -1.62 -1.64 -1.66 -1.68
94.58 -1.44 -1.46 -1.48 -1.5 -1.52 -1.54 -1.56 -1.58 -1.6 -1.62 -1.64 -1.66 -1.68 -1.7
95.54 -1.48 -1.5 -1.52 -1.54 -1.56 -1.58 -1.6 -1.62 -1.64 -1.66 -1.68 -1.7 -1.72
96.5 -1.52 -1.54 -1.56 -1.58 -1.6 -1.62 -1.64 -1.66 -1.68 -1.7 -1.72 -1.74
97.46 -1.56 -1.58 -1.6 -1.62 -1.64 -1.66 -1.68 -1.7 -1.72 -1.74 -1.76
98.42 -1.6 -1.62 -1.64 -1.66 -1.68 -1.7 -1.72 -1.74 -1.76 -1.78
99.38 -1.64 -1.66 -1.68 -1.7 -1.72 -1.74 -1.76 -1.78 -1.8
100.34 -1.68 -1.7 -1.72 -1.74 -1.76 -1.78 -1.8 -1.82
101.3 -1.72 -1.74 -1.76 -1.78 -1.8 -1.82 -1.84
102.26 -1.76 -1.78 -1.8 -1.82 -1.84 -1.86
103.22 -1.8 -1.82 -1.84 -1.86 -1.88
104.18 -1.84 -1.86 -1.88 -1.9
105.14 -1.88 -1.9 -1.92
106.1 -1.92 -1.94
107.06 -1.96
108.02
-12. 11. -14. 13. -16. 15. -18. 17. -20. 19. -22. 21. -24. 23. -26. 25. -28. 27. -30. 29. -32. 31. -34. 33. -36. 35. -38. 37. -40. 39. -42. 41. -44. 43. -46. 45. -48. 47. -50. 49. -52. 51. -54. 53. -56. 55. -58. 57. -60. 59. -62. 61. -64. 63. -66. 65. -68. 67. -70. 69. -72. 71. -74. 73. -76. 75. -78. 77. -80. 79. -82. 81. -84. 83. -86. 85. -88. 87. -90. 89. -92. 91. -94. 93. -96. 95. -98. 97. -100. 99. -102. 101. -104. 103. -106. 105. -108. 107. -110. 109.